-0.830913 -8.524132 -18.579221
-0.856311 -8.503721 -18.582813
-0.881701 -8.483286 -18.586530
-0.907082 -8.462829 -18.590366
-0.932455 -8.442350 -18.594317
-0.957820 -8.421848 -18.598375
-0.983177 -8.401324 -18.602536
-1.008527 -8.380778 -18.606792
-1.033869 -8.360211 -18.611138
-1.059203 -8.339622 -18.615569
-1.084530 -8.319012 -18.620077
-1.109850 -8.298380 -18.624658
-1.135163 -8.277728 -18.629305
-1.160469 -8.257055 -18.634012
-1.185769 -8.236362 -18.638774
-1.211061 -8.215648 -18.643583
-1.236348 -8.194914 -18.648436
-1.261628 -8.174161 -18.653324
-1.286901 -8.153387 -18.658243
-1.312169 -8.132595 -18.663187
-1.337431 -8.111783 -18.668149
-1.362687 -8.090951 -18.673123
-1.387937 -8.070101 -18.678105
-1.413182 -8.049232 -18.683087
-1.438421 -8.028345 -18.688063
-1.463656 -8.007440 -18.693029
-1.488885 -7.986516 -18.697977
-1.514109 -7.965575 -18.702902
-1.539329 -7.944615 -18.707798
-1.564544 -7.923639 -18.712659
-1.589754 -7.902645 -18.717479
-1.614960 -7.881634 -18.722252
-1.640162 -7.860606 -18.726972
-1.665360 -7.839561 -18.731633
-1.690553 -7.818500 -18.736230
-1.715743 -7.797422 -18.740755
-1.740930 -7.776329 -18.745204
-1.766112 -7.755220 -18.749570
-1.791292 -7.734094 -18.753847
-1.816468 -7.712954 -18.758030
-1.841641 -7.691798 -18.762113
-1.866811 -7.670627 -18.766088
-1.891978 -7.649441 -18.769951
-1.917143 -7.628241 -18.773696
-1.942305 -7.607026 -18.777317
-1.967465 -7.585797 -18.780807
-1.992622 -7.564553 -18.784168
-2.017777 -7.543297 -18.787401
-2.042931 -7.522027 -18.790509
-2.068082 -7.500744 -18.793493
-2.093232 -7.479448 -18.796356
-2.118380 -7.458141 -18.799100
-2.143527 -7.436822 -18.801728
-2.168673 -7.415491 -18.804240
-2.193818 -7.394150 -18.806641
-2.218961 -7.372798 -18.808931
-2.244104 -7.351436 -18.811114
-2.269247 -7.330063 -18.813190
-2.294388 -7.308682 -18.815163
-2.319530 -7.287291 -18.817035
-2.344671 -7.265891 -18.818807
-2.369812 -7.244484 -18.820483
-2.394954 -7.223068 -18.822063
-2.420095 -7.201644 -18.823551
-2.445237 -7.180213 -18.824949
-2.470379 -7.158775 -18.826258
-2.495522 -7.137331 -18.827481
-2.520666 -7.115881 -18.828621
-2.545811 -7.094425 -18.829679
-2.570957 -7.072963 -18.830657
-2.596104 -7.051496 -18.831558
-2.621253 -7.030025 -18.832384
-2.646403 -7.008549 -18.833137
-2.671555 -6.987070 -18.833819
-2.696709 -6.965587 -18.834433
-2.721865 -6.944100 -18.834981
-2.747023 -6.922611 -18.835465
-2.772183 -6.901120 -18.835886
-2.797346 -6.879626 -18.836248
-2.822511 -6.858131 -18.836553
-2.847679 -6.836634 -18.836802
-2.872850 -6.815136 -18.836997
-2.898023 -6.793638 -18.837142
-2.923200 -6.772140 -18.837239
-2.948381 -6.750641 -18.837288
-2.973565 -6.729143 -18.837294
-2.998752 -6.707647 -18.837257
-3.023943 -6.686151 -18.837180
-3.049138 -6.664657 -18.837065
-3.074337 -6.643165 -18.836915
-3.099541 -6.621676 -18.836732
-3.124748 -6.600189 -18.836517
-3.149960 -6.578705 -18.836273
-3.175177 -6.557225 -18.836002
-3.200399 -6.535748 -18.835707
-3.225625 -6.514276 -18.835389
-3.250857 -6.492809 -18.835051
-3.276093 -6.471346 -18.834695
-3.301335 -6.449889 -18.834324
-3.326583 -6.428438 -18.833938
-3.351836 -6.406992 -18.833541
-3.377095 -6.385554 -18.833135
-3.402360 -6.364122 -18.832722
-3.427632 -6.342697 -18.832304
-3.452909 -6.321279 -18.831883
-3.478193 -6.299870 -18.831461
-3.503483 -6.278469 -18.831042
-3.528780 -6.257077 -18.830626
-3.554084 -6.235694 -18.830216
-3.579395 -6.214320 -18.829815
-3.604713 -6.192956 -18.829424
-3.630038 -6.171602 -18.829046
-3.655370 -6.150259 -18.828682
-3.680711 -6.128926 -18.828336
-3.706059 -6.107605 -18.828009
-3.731414 -6.086296 -18.827703
-3.756778 -6.064999 -18.827421
-3.782150 -6.043714 -18.827165
-3.807530 -6.022442 -18.826937
-3.832919 -6.001182 -18.826739
-3.858316 -5.979937 -18.826573
-3.883722 -5.958705 -18.826442
-3.909137 -5.937488 -18.826348
-3.934561 -5.916285 -18.826293
-3.959994 -5.895097 -18.826279
-3.985436 -5.873925 -18.826309
-4.010888 -5.852768 -18.826383
-4.036349 -5.831628 -18.826506
-4.061821 -5.810504 -18.826679
-4.087302 -5.789397 -18.826904
-4.112793 -5.768307 -18.827183
-4.138294 -5.747235 -18.827519
-4.163806 -5.726180 -18.827913
-4.189328 -5.705144 -18.828368
-4.214861 -5.684127 -18.828887
-4.240405 -5.663129 -18.829470
-4.265959 -5.642150 -18.830122
-4.291525 -5.621191 -18.830843
-4.317102 -5.600252 -18.831635
-4.342690 -5.579334 -18.832499
-4.368291 -5.558436 -18.833430
-4.393904 -5.537558 -18.834423
-4.419530 -5.516701 -18.835476
-4.445169 -5.495863 -18.836583
-4.470823 -5.475046 -18.837740
-4.496490 -5.454250 -18.838945
-4.522173 -5.433473 -18.840192
-4.547871 -5.412716 -18.841477
-4.573585 -5.391980 -18.842797
-4.599315 -5.371263 -18.844147
-4.625062 -5.350567 -18.845523
-4.650826 -5.329890 -18.846922
-4.676608 -5.309234 -18.848338
-4.702409 -5.288597 -18.849769
-4.728228 -5.267980 -18.851209
-4.754066 -5.247383 -18.852655
-4.779924 -5.226806 -18.854103
-4.805802 -5.206249 -18.855549
-4.831701 -5.185711 -18.856988
-4.857621 -5.165193 -18.858417
-4.883562 -5.144695 -18.859831
-4.909526 -5.124216 -18.861227
-4.935512 -5.103757 -18.862600
-4.961521 -5.083318 -18.863946
-4.987554 -5.062898 -18.865261
-5.013611 -5.042498 -18.866542
-5.039692 -5.022117 -18.867783
-5.065798 -5.001755 -18.868982
-5.091930 -4.981413 -18.870133
-5.118088 -4.961090 -18.871233
-5.144272 -4.940787 -18.872277
-5.170483 -4.920503 -18.873263
-5.196721 -4.900238 -18.874184
-5.222987 -4.879993 -18.875039
-5.249281 -4.859766 -18.875821
-5.275605 -4.839559 -18.876528
-5.301957 -4.819371 -18.877155
-5.328340 -4.799202 -18.877699
-5.354752 -4.779052 -18.878154
-5.381196 -4.758921 -18.878518
-5.407670 -4.738809 -18.878785
-5.434176 -4.718716 -18.878952
-5.460715 -4.698642 -18.879015
-5.487286 -4.678587 -18.878970
-5.513890 -4.658551 -18.878812
-5.540528 -4.638534 -18.878538
-5.567200 -4.618535 -18.878143
-5.593906 -4.598555 -18.877624
-5.620648 -4.578594 -18.876976
-5.647425 -4.558652 -18.876196
-5.674238 -4.538728 -18.875278
-5.701085 -4.518821 -18.874225
-5.727959 -4.498926 -18.873043
-5.754854 -4.479037 -18.871740
-5.781764 -4.459150 -18.870326
-5.808683 -4.439261 -18.868807
-5.835603 -4.419362 -18.867192
-5.862518 -4.399451 -18.865489
-5.889422 -4.379521 -18.863707
-5.916309 -4.359568 -18.861853
-5.943171 -4.339587 -18.859935
-5.970003 -4.319572 -18.857962
-5.996798 -4.299519 -18.855942
-6.023549 -4.279423 -18.853882
-6.050250 -4.259278 -18.851791
-6.076895 -4.239080 -18.849678
-6.103477 -4.218823 -18.847549
-6.129990 -4.198502 -18.845414
-6.156427 -4.178113 -18.843280
-6.182782 -4.157651 -18.841156
-6.209048 -4.137110 -18.839050
-6.235218 -4.116485 -18.836969
-6.261287 -4.095772 -18.834922
-6.287249 -4.074965 -18.832917
-6.313095 -4.054059 -18.830962
-6.338821 -4.033050 -18.829066
-6.364419 -4.011932 -18.827235
-6.389883 -3.990700 -18.825480
-6.415206 -3.969350 -18.823807
-6.440383 -3.947876 -18.822224
-6.465407 -3.926273 -18.820741
-6.490270 -3.904536 -18.819364
-6.514968 -3.882660 -18.818102
-6.539493 -3.860640 -18.816964
-6.563838 -3.838472 -18.815957
-6.587998 -3.816149 -18.815089
-6.611966 -3.793668 -18.814369
-6.635735 -3.771022 -18.813805
-6.659300 -3.748208 -18.813404
-6.682652 -3.725219 -18.813176
-6.705787 -3.702052 -18.813127
-6.728698 -3.678700 -18.813266
-6.751378 -3.655159 -18.813602
-6.773820 -3.631425 -18.814142
-6.796019 -3.607491 -18.814895
-6.817967 -3.583353 -18.815868
-6.839659 -3.559005 -18.817070
-6.861087 -3.534444 -18.818509
-6.882246 -3.509663 -18.820193
-6.903129 -3.484658 -18.822129
-6.923730 -3.459424 -18.824319
-6.944044 -3.433959 -18.826740
-6.964068 -3.408260 -18.829365
-6.983798 -3.382325 -18.832170
-7.003229 -3.356152 -18.835127
-7.022358 -3.329737 -18.838211
-7.041180 -3.303079 -18.841397
-7.059691 -3.276176 -18.844657
-7.077887 -3.249023 -18.847966
-7.095764 -3.221621 -18.851299
-7.113318 -3.193965 -18.854629
-7.130546 -3.166054 -18.857930
-7.147442 -3.137885 -18.861176
-7.164003 -3.109455 -18.864342
-7.180224 -3.080763 -18.867401
-7.196102 -3.051806 -18.870327
-7.211633 -3.022581 -18.873095
-7.226812 -2.993086 -18.875678
-7.241635 -2.963319 -18.878051
-7.256099 -2.933277 -18.880187
-7.270199 -2.902958 -18.882061
-7.283931 -2.872360 -18.883647
-7.297292 -2.841479 -18.884919
-7.310274 -2.810316 -18.885856
-7.322862 -2.778883 -18.886466
-7.335037 -2.747196 -18.886765
-7.346781 -2.715268 -18.886770
-7.358074 -2.683117 -18.886496
-7.368897 -2.650756 -18.885960
-7.379232 -2.618203 -18.885179
-7.389059 -2.585471 -18.884168
-7.398359 -2.552577 -18.882943
-7.407114 -2.519536 -18.881521
-7.415305 -2.486362 -18.879919
-7.422912 -2.453073 -18.878151
-7.429917 -2.419682 -18.876235
-7.436300 -2.386205 -18.874187
-7.442044 -2.352658 -18.872022
-7.447128 -2.319057 -18.869758
-7.451535 -2.285415 -18.867410
-7.455244 -2.251750 -18.864994
-7.458238 -2.218075 -18.862528
-7.460496 -2.184407 -18.860026
-7.462001 -2.150762 -18.857505
-7.462733 -2.117153 -18.854982
-7.462673 -2.083597 -18.852473
-7.461803 -2.050110 -18.849993
-7.460103 -2.016706 -18.847560
-7.457554 -1.983400 -18.845188
-7.454138 -1.950209 -18.842896
-7.449836 -1.917148 -18.840698
-7.444636 -1.884231 -18.838606
-7.438551 -1.851469 -18.836619
-7.431596 -1.818876 -18.834734
-7.423786 -1.786463 -18.832948
-7.415135 -1.754240 -18.831257
-7.405658 -1.722221 -18.829659
-7.395372 -1.690417 -18.828151
-7.384290 -1.658839 -18.826728
-7.372429 -1.627499 -18.825389
-7.359802 -1.596409 -18.824129
-7.346425 -1.565581 -18.822947
-7.332313 -1.535026 -18.821838
-7.317481 -1.504756 -18.820799
-7.301944 -1.474783 -18.819828
-7.285717 -1.445118 -18.818921
-7.268816 -1.415774 -18.818076
-7.251254 -1.386761 -18.817288
-7.233048 -1.358092 -18.816555
-7.214212 -1.329779 -18.815874
-7.194762 -1.301832 -18.815242
-7.174712 -1.274264 -18.814655
-7.154077 -1.247087 -18.814110
-7.132872 -1.220312 -18.813604
-7.111113 -1.193951 -18.813135
-7.088815 -1.168015 -18.812698
-7.065992 -1.142517 -18.812291
-7.042660 -1.117468 -18.811911
-7.018834 -1.092879 -18.811554
-6.994528 -1.068763 -18.811217
-6.969758 -1.045131 -18.810898
-6.944539 -1.021995 -18.810593
-6.918885 -0.999367 -18.810299
-6.892813 -0.977258 -18.810012
-6.866336 -0.955680 -18.809731
-6.839470 -0.934645 -18.809451
-6.812231 -0.914165 -18.809169
-6.784632 -0.894250 -18.808882
-6.756689 -0.874914 -18.808588
-6.728418 -0.856167 -18.808282
-6.699833 -0.838021 -18.807963
-6.670949 -0.820488 -18.807626
-6.641781 -0.803580 -18.807268
-6.612344 -0.787309 -18.806888
-6.582654 -0.771686 -18.806480
-6.552725 -0.756723 -18.806043
-6.522573 -0.742431 -18.805572
-6.492212 -0.728823 -18.805066
-6.461658 -0.715909 -18.804520
-6.430925 -0.703703 -18.803932
-6.400029 -0.692215 -18.803298
-6.368984 -0.681457 -18.802616
-6.337806 -0.671441 -18.801882
-6.306510 -0.662178 -18.801093
-6.275111 -0.653681 -18.800246
-6.243623 -0.645961 -18.799338
-6.212063 -0.639030 -18.798365
-6.180444 -0.632899 -18.797325
-6.148782 -0.627581 -18.796214
-6.117092 -0.623086 -18.795030
-6.085386 -0.619421 -18.793769
-6.053670 -0.616574 -18.792429
-6.021946 -0.614531 -18.791009
-5.990218 -0.613276 -18.789507
-5.958488 -0.612794 -18.787920
-5.926759 -0.613070 -18.786248
-5.895036 -0.614090 -18.784487
-5.863321 -0.615838 -18.782637
-5.831618 -0.618300 -18.780696
-5.799929 -0.621460 -18.778661
-5.768257 -0.625303 -18.776530
-5.736607 -0.629815 -18.774303
-5.704981 -0.634981 -18.771976
-5.673381 -0.640784 -18.769549
-5.641813 -0.647212 -18.767019
-5.610277 -0.654248 -18.764385
-5.578779 -0.661877 -18.761644
-5.547320 -0.670086 -18.758795
-5.515905 -0.678858 -18.755836
-5.484536 -0.688178 -18.752765
-5.453216 -0.698032 -18.749581
-5.421949 -0.708405 -18.746281
-5.390738 -0.719282 -18.742863
-5.359586 -0.730647 -18.739326
-5.328495 -0.742487 -18.735668
-5.297471 -0.754785 -18.731887
-5.266514 -0.767527 -18.727981
-5.235630 -0.780698 -18.723948
-5.204820 -0.794282 -18.719787
-5.174089 -0.808266 -18.715496
-5.143438 -0.822634 -18.711072
-5.112872 -0.837370 -18.706514
-5.082394 -0.852461 -18.701820
-5.052006 -0.867891 -18.696988
-5.021712 -0.883644 -18.692017
-4.991515 -0.899707 -18.686904
-4.961419 -0.916064 -18.681648
-4.931426 -0.932700 -18.676247
-4.901539 -0.949600 -18.670699
-4.871763 -0.966750 -18.665002
-4.842099 -0.984133 -18.659154
-4.812552 -1.001736 -18.653153
-4.783124 -1.019543 -18.646998
-4.753818 -1.037540 -18.640687
-4.724638 -1.055710 -18.634218
-4.695587 -1.074040 -18.627589
-4.666668 -1.092515 -18.620797
-4.637884 -1.111119 -18.613843
-4.609238 -1.129837 -18.606722
-4.580734 -1.148655 -18.599435
-4.552375 -1.167557 -18.591978
-4.524164 -1.186528 -18.584350
-4.496103 -1.205555 -18.576549
-4.468197 -1.224620 -18.568573
-4.440449 -1.243711 -18.560421
-4.412861 -1.262810 -18.552090
-4.385437 -1.281905 -18.543579
-4.358179 -1.300979 -18.534886
-4.331092 -1.320018 -18.526009
-4.304179 -1.339006 -18.516945
-4.277441 -1.357930 -18.507695
-4.250884 -1.376773 -18.498254
-4.224509 -1.395521 -18.488622
-4.198318 -1.414169 -18.478799
-4.172309 -1.432724 -18.468788
-4.146482 -1.451193 -18.458590
-4.120835 -1.469584 -18.448209
-4.095365 -1.487903 -18.437647
-4.070073 -1.506158 -18.426907
-4.044956 -1.524357 -18.415991
-4.020013 -1.542506 -18.404902
-3.995242 -1.560613 -18.393643
-3.970642 -1.578685 -18.382216
-3.946213 -1.596729 -18.370624
-3.921951 -1.614753 -18.358869
-3.897856 -1.632765 -18.346954
-3.873927 -1.650770 -18.334883
-3.850161 -1.668777 -18.322656
-3.826559 -1.686794 -18.310277
-3.803117 -1.704826 -18.297749
-3.779834 -1.722882 -18.285075
-3.756710 -1.740968 -18.272256
-3.733743 -1.759093 -18.259295
-3.710931 -1.777263 -18.246195
-3.688273 -1.795486 -18.232960
-3.665767 -1.813769 -18.219590
-3.643413 -1.832119 -18.206089
-3.621208 -1.850543 -18.192460
-3.599151 -1.869050 -18.178705
-3.577241 -1.887645 -18.164826
-3.555476 -1.906337 -18.150827
-3.533856 -1.925133 -18.136710
-3.512377 -1.944040 -18.122478
-3.491040 -1.963065 -18.108133
-3.469842 -1.982215 -18.093677
-3.448781 -2.001498 -18.079114
-3.427852 -2.020911 -18.064447
-3.407044 -2.040451 -18.049677
-3.386349 -2.060113 -18.034807
-3.365758 -2.079894 -18.019841
-3.345263 -2.099789 -18.004781
-3.324855 -2.119794 -17.989629
-3.304525 -2.139906 -17.974389
-3.284264 -2.160119 -17.959063
-3.264063 -2.180430 -17.943653
-3.243915 -2.200835 -17.928163
-3.223809 -2.221329 -17.912596
-3.203737 -2.241909 -17.896953
-3.183691 -2.262571 -17.881237
-3.163661 -2.283309 -17.865452
-3.143640 -2.304121 -17.849600
-3.123617 -2.325002 -17.833684
-3.103585 -2.345947 -17.817706
-3.083534 -2.366954 -17.801669
-3.063456 -2.388017 -17.785575
-3.043342 -2.409133 -17.769429
-3.023184 -2.430298 -17.753231
-3.002972 -2.451506 -17.736986
-2.982697 -2.472755 -17.720695
-2.962352 -2.494040 -17.704361
-2.941927 -2.515358 -17.687987
-2.921413 -2.536703 -17.671576
-2.900802 -2.558072 -17.655131
-2.880085 -2.579460 -17.638653
-2.859253 -2.600864 -17.622146
-2.838297 -2.622280 -17.605613
-2.817209 -2.643703 -17.589056
-2.795979 -2.665129 -17.572478
-2.774600 -2.686555 -17.555882
-2.753062 -2.707975 -17.539270
-2.731356 -2.729386 -17.522645
-2.709475 -2.750784 -17.506010
-2.687416 -2.772165 -17.489379
-2.665183 -2.793525 -17.472773
-2.642780 -2.814860 -17.456214
-2.620211 -2.836167 -17.439722
-2.597478 -2.857441 -17.423320
-2.574587 -2.878680 -17.407030
-2.551540 -2.899878 -17.390872
-2.528342 -2.921033 -17.374869
-2.504997 -2.942140 -17.359041
-2.481507 -2.963196 -17.343411
-2.457877 -2.984197 -17.328000
-2.434111 -3.005139 -17.312830
-2.410212 -3.026018 -17.297921
-2.386184 -3.046831 -17.283297
-2.362031 -3.067573 -17.268977
-2.337756 -3.088241 -17.254984
-2.313364 -3.108832 -17.241340
-2.288857 -3.129341 -17.228066
-2.264241 -3.149764 -17.215183
-2.239518 -3.170099 -17.202713
-2.214693 -3.190340 -17.190678
-2.189768 -3.210484 -17.179099
-2.164748 -3.230528 -17.167998
-2.139637 -3.250467 -17.157396
-2.114438 -3.270299 -17.147315
-2.089156 -3.290018 -17.137776
-2.063793 -3.309621 -17.128801
-2.038353 -3.329105 -17.120412
-2.012841 -3.348465 -17.112630
-1.987261 -3.367698 -17.105476
-1.961615 -3.386801 -17.098973
-1.935907 -3.405768 -17.093142
-1.910142 -3.424597 -17.088003
-1.884323 -3.443283 -17.083580
-1.858454 -3.461824 -17.079893
-1.832538 -3.480214 -17.076964
-1.806580 -3.498451 -17.074815
-1.780583 -3.516530 -17.073467
-1.754550 -3.534448 -17.072941
-1.728487 -3.552201 -17.073259
-1.702396 -3.569790 -17.074418
-1.676283 -3.587222 -17.076400
-1.650152 -3.604502 -17.079186
-1.624009 -3.621635 -17.082758
-1.597857 -3.638627 -17.087097
-1.571703 -3.655484 -17.092182
-1.545549 -3.672211 -17.097997
-1.519402 -3.688814 -17.104521
-1.493265 -3.705299 -17.111735
-1.467144 -3.721671 -17.119621
-1.441043 -3.737935 -17.128160
-1.414968 -3.754098 -17.137333
-1.388922 -3.770166 -17.147120
-1.362911 -3.786143 -17.157504
-1.336939 -3.802035 -17.168464
-1.311011 -3.817848 -17.179982
-1.285131 -3.833588 -17.192040
-1.259306 -3.849260 -17.204617
-1.233538 -3.864869 -17.217696
-1.207834 -3.880423 -17.231257
-1.182197 -3.895925 -17.245281
-1.156633 -3.911382 -17.259750
-1.131146 -3.926799 -17.274644
-1.105741 -3.942182 -17.289944
-1.080422 -3.957537 -17.305632
-1.055195 -3.972869 -17.321689
-1.030064 -3.988184 -17.338095
-1.005034 -4.003487 -17.354832
-0.980110 -4.018784 -17.371881
-0.955296 -4.034081 -17.389222
-0.930597 -4.049384 -17.406837
-0.906018 -4.064697 -17.424707
-0.881563 -4.080027 -17.442813
-0.857238 -4.095379 -17.461136
-0.833047 -4.110759 -17.479658
-0.808995 -4.126172 -17.498358
-0.785086 -4.141624 -17.517218
-0.761326 -4.157121 -17.536220
-0.737718 -4.172668 -17.555344
-0.714269 -4.188272 -17.574571
-0.690982 -4.203937 -17.593883
-0.667862 -4.219669 -17.613260
-0.644914 -4.235474 -17.632684
-0.622134 -4.251360 -17.652121
-0.599511 -4.267340 -17.671530
-0.577034 -4.283424 -17.690866
-0.554692 -4.299625 -17.710084
-0.532472 -4.315954 -17.729141
-0.510365 -4.332422 -17.747994
-0.488357 -4.349042 -17.766596
-0.466438 -4.365825 -17.784906
-0.444597 -4.382782 -17.802878
-0.422822 -4.399926 -17.820469
-0.401101 -4.417267 -17.837634
-0.379423 -4.434818 -17.854329
-0.357778 -4.452590 -17.870511
-0.336152 -4.470596 -17.886136
-0.314536 -4.488845 -17.901158
-0.292917 -4.507351 -17.915535
-0.271284 -4.526124 -17.929223
-0.249626 -4.545177 -17.942176
-0.227932 -4.564521 -17.954351
-0.206190 -4.584166 -17.965709
-0.184396 -4.604109 -17.976248
-0.162551 -4.624342 -17.985988
-0.140652 -4.644854 -17.994946
-0.118701 -4.665635 -18.003142
-0.096695 -4.686677 -18.010594
-0.074634 -4.707969 -18.017322
-0.052517 -4.729502 -18.023344
-0.030344 -4.751267 -18.028679
-0.008114 -4.773254 -18.033346
0.014173 -4.795453 -18.037365
0.036519 -4.817855 -18.040752
0.058924 -4.840451 -18.043529
0.081389 -4.863230 -18.045713
0.103914 -4.886183 -18.047323
0.126500 -4.909300 -18.048378
0.149148 -4.932573 -18.048897
0.171859 -4.955991 -18.048900
0.194632 -4.979545 -18.048403
0.217470 -5.003226 -18.047428
0.240372 -5.027023 -18.045992
0.263340 -5.050927 -18.044114
0.286374 -5.074929 -18.041813
0.309474 -5.099019 -18.039109
0.332641 -5.123187 -18.036019
0.355877 -5.147425 -18.032563
0.379182 -5.171722 -18.028759
0.402555 -5.196068 -18.024627
0.425999 -5.220455 -18.020185
0.449514 -5.244873 -18.015452
0.473101 -5.269312 -18.010448
0.496759 -5.293762 -18.005190
0.520491 -5.318214 -17.999697
0.544296 -5.342659 -17.993990
0.568175 -5.367086 -17.988086
0.592129 -5.391487 -17.982004
0.616159 -5.415852 -17.975763
0.640266 -5.440171 -17.969382
0.664449 -5.464434 -17.962880
0.688710 -5.488633 -17.956276
0.713050 -5.512757 -17.949588
0.737469 -5.536797 -17.942836
0.761968 -5.560743 -17.936038
0.786547 -5.584586 -17.929213
0.811207 -5.608317 -17.922381
0.835949 -5.631925 -17.915559
0.860774 -5.655401 -17.908766
0.885682 -5.678736 -17.902023
0.910674 -5.701919 -17.895346
0.935751 -5.724943 -17.888756
0.960913 -5.747796 -17.882271
0.986162 -5.770469 -17.875910
1.011497 -5.792953 -17.869692
1.036919 -5.815238 -17.863636
1.062430 -5.837315 -17.857760
1.088028 -5.859179 -17.852081
1.113710 -5.880834 -17.846607
1.139472 -5.902291 -17.841345
1.165311 -5.923556 -17.836303
1.191221 -5.944638 -17.831487
1.217198 -5.965546 -17.826905
1.243240 -5.986287 -17.822564
1.269340 -6.006870 -17.818471
1.295496 -6.027302 -17.814633
1.321703 -6.047593 -17.811058
1.347957 -6.067749 -17.807752
1.374255 -6.087780 -17.804723
1.400590 -6.107694 -17.801979
1.426961 -6.127499 -17.799525
1.453363 -6.147202 -17.797369
1.479790 -6.166813 -17.795519
1.506241 -6.186339 -17.793982
1.532709 -6.205789 -17.792764
1.559192 -6.225170 -17.791873
1.585685 -6.244492 -17.791317
1.612183 -6.263761 -17.791102
1.638684 -6.282987 -17.791235
1.665182 -6.302177 -17.791724
1.691674 -6.321340 -17.792575
1.718155 -6.340484 -17.793797
1.744622 -6.359617 -17.795395
1.771070 -6.378748 -17.797378
1.797495 -6.397883 -17.799753
1.823894 -6.417031 -17.802521
1.850268 -6.436192 -17.805671
1.876617 -6.455365 -17.809185
1.902945 -6.474550 -17.813049
1.929250 -6.493748 -17.817245
1.955536 -6.512956 -17.821759
1.981803 -6.532177 -17.826573
2.008053 -6.551408 -17.831672
2.034287 -6.570650 -17.837040
2.060507 -6.589902 -17.842661
2.086712 -6.609164 -17.848518
2.112906 -6.628437 -17.854596
2.139090 -6.647718 -17.860878
2.165263 -6.667009 -17.867349
2.191429 -6.686309 -17.873993
2.217588 -6.705617 -17.880793
2.243742 -6.724934 -17.887733
2.269892 -6.744258 -17.894798
2.296039 -6.763590 -17.901971
2.322185 -6.782930 -17.909236
2.348330 -6.802276 -17.916578
2.374477 -6.821629 -17.923979
2.400627 -6.840989 -17.931425
2.426781 -6.860355 -17.938898
2.452939 -6.879727 -17.946384
2.479105 -6.899104 -17.953866
2.505278 -6.918486 -17.961327
2.531461 -6.937874 -17.968753
2.557654 -6.957266 -17.976126
2.583859 -6.976662 -17.983431
2.610078 -6.996062 -17.990651
2.636311 -7.015466 -17.997772
2.662560 -7.034873 -18.004776
2.688826 -7.054284 -18.011647
2.715111 -7.073697 -18.018370
2.741415 -7.093112 -18.024929
2.767741 -7.112530 -18.031307
2.794090 -7.131950 -18.037488
2.820462 -7.151371 -18.043456
2.846860 -7.170794 -18.049196
2.873284 -7.190217 -18.054691
2.899736 -7.209641 -18.059925
2.926218 -7.229066 -18.064883
2.952730 -7.248490 -18.069547
2.979272 -7.267916 -18.073906
3.005839 -7.287348 -18.077963
3.032420 -7.306796 -18.081728
3.059007 -7.326267 -18.085211
3.085591 -7.345769 -18.088422
3.112164 -7.365312 -18.091369
3.138715 -7.384902 -18.094064
3.165236 -7.404548 -18.096515
3.191719 -7.424258 -18.098733
3.218154 -7.444041 -18.100727
3.244532 -7.463903 -18.102507
3.270844 -7.483855 -18.104082
3.297081 -7.503903 -18.105463
3.323235 -7.524056 -18.106658
3.349296 -7.544322 -18.107679
3.375256 -7.564709 -18.108533
3.401105 -7.585226 -18.109232
3.426834 -7.605879 -18.109785
3.452435 -7.626679 -18.110202
3.477899 -7.647632 -18.110491
3.503216 -7.668747 -18.110664
3.528378 -7.690032 -18.110730
3.553375 -7.711495 -18.110698
3.578200 -7.733145 -18.110578
3.602841 -7.754988 -18.110380
3.627292 -7.777035 -18.110114
3.651543 -7.799292 -18.109789
3.675584 -7.821768 -18.109415
3.699407 -7.844472 -18.109002
3.723003 -7.867410 -18.108560
3.746364 -7.890592 -18.108098
3.769479 -7.914025 -18.107626
3.792340 -7.937717 -18.107153
3.814938 -7.961678 -18.106690
3.837265 -7.985914 -18.106246
3.859310 -8.010435 -18.105831
3.881066 -8.035247 -18.105454
3.902523 -8.060361 -18.105126
3.923673 -8.085782 -18.104856
3.944505 -8.111520 -18.104653
3.965012 -8.137583 -18.104528
3.985185 -8.163979 -18.104490
4.005013 -8.190716 -18.104549
4.024490 -8.217802 -18.104714
4.043604 -8.245245 -18.104996
4.062349 -8.273054 -18.105404
4.080714 -8.301235 -18.105946
4.098691 -8.329782 -18.106625
4.116274 -8.358682 -18.107435
4.133455 -8.387920 -18.108375
4.150226 -8.417486 -18.109441
4.166580 -8.447364 -18.110629
4.182509 -8.477543 -18.111936
4.198006 -8.508008 -18.113359
4.213064 -8.538748 -18.114895
4.227674 -8.569748 -18.116540
4.241830 -8.600995 -18.118291
4.255523 -8.632478 -18.120144
4.268747 -8.664181 -18.122098
4.281494 -8.696093 -18.124147
4.293757 -8.728200 -18.126289
4.305527 -8.760488 -18.128521
4.316798 -8.792946 -18.130839
4.327562 -8.825559 -18.133240
4.337812 -8.858315 -18.135721
4.347539 -8.891200 -18.138278
4.356738 -8.924202 -18.140908
4.365399 -8.957306 -18.143609
4.373516 -8.990501 -18.146375
4.381081 -9.023773 -18.149205
4.388087 -9.057108 -18.152095
4.394526 -9.090495 -18.155041
4.400391 -9.123918 -18.158041
4.405673 -9.157367 -18.161091
4.410367 -9.190826 -18.164188
4.414464 -9.224284 -18.167328
4.417957 -9.257726 -18.170508
4.420838 -9.291141 -18.173725
4.423099 -9.324514 -18.176976
4.424735 -9.357833 -18.180257
4.425736 -9.391085 -18.183565
4.426095 -9.424256 -18.186897
4.425805 -9.457333 -18.190250
4.424859 -9.490303 -18.193619
4.423248 -9.523154 -18.197003
4.420966 -9.555871 -18.200396
4.418005 -9.588442 -18.203798
4.414358 -9.620853 -18.207203
4.410016 -9.653093 -18.210609
4.404973 -9.685146 -18.214012
4.399221 -9.717001 -18.217409
4.392753 -9.748644 -18.220797
4.385561 -9.780062 -18.224173
4.377637 -9.811241 -18.227533
4.368974 -9.842170 -18.230874
4.359566 -9.872834 -18.234192
4.349403 -9.903220 -18.237485
4.338479 -9.933316 -18.240749
4.326786 -9.963108 -18.243980
4.314316 -9.992584 -18.247177
4.301063 -10.021729 -18.250334
4.287024 -10.050533 -18.253450
4.272212 -10.078988 -18.256525
4.256642 -10.107090 -18.259561
4.240330 -10.134831 -18.262557
4.223292 -10.162206 -18.265515
4.205542 -10.189210 -18.268435
4.187097 -10.215836 -18.271319
4.167972 -10.242079 -18.274166
4.148182 -10.267932 -18.276979
4.127743 -10.293390 -18.279758
4.106671 -10.318447 -18.282503
4.084980 -10.343097 -18.285215
4.062688 -10.367334 -18.287896
4.039808 -10.391152 -18.290546
4.016357 -10.414545 -18.293166
3.992350 -10.437508 -18.295757
3.967803 -10.460035 -18.298320
3.942731 -10.482119 -18.300854
3.917150 -10.503755 -18.303362
3.891075 -10.524937 -18.305845
3.864522 -10.545659 -18.308302
3.837506 -10.565915 -18.310735
3.810042 -10.585700 -18.313144
3.782148 -10.605007 -18.315531
3.753837 -10.623830 -18.317896
3.725125 -10.642164 -18.320240
3.696028 -10.660003 -18.322564
3.666562 -10.677341 -18.324868
3.636741 -10.694172 -18.327155
3.606582 -10.710490 -18.329423
3.576100 -10.726290 -18.331675
3.545311 -10.741564 -18.333911
3.514229 -10.756309 -18.336131
3.482872 -10.770517 -18.338338
3.451253 -10.784182 -18.340531
3.419389 -10.797300 -18.342711
3.387294 -10.809863 -18.344879
3.354986 -10.821867 -18.347037
3.322479 -10.833305 -18.349184
3.289788 -10.844171 -18.351322
3.256930 -10.854460 -18.353451
3.223919 -10.864165 -18.355573
3.190772 -10.873281 -18.357688
3.157503 -10.881802 -18.359796
3.124129 -10.889722 -18.361900
3.090664 -10.897035 -18.363999
3.057125 -10.903735 -18.366095
3.023527 -10.909817 -18.368188
2.989885 -10.915274 -18.370279
2.956215 -10.920100 -18.372369
2.922532 -10.924291 -18.374458
2.888853 -10.927839 -18.376549
2.855192 -10.930739 -18.378641
2.821565 -10.932985 -18.380735
2.787987 -10.934571 -18.382832
2.754475 -10.935491 -18.384933
2.721043 -10.935740 -18.387038
2.687707 -10.935312 -18.389150
2.654483 -10.934200 -18.391267
2.621386 -10.932399 -18.393392
2.588431 -10.929903 -18.395525
2.555635 -10.926705 -18.397667
2.523013 -10.922801 -18.399819
2.490579 -10.918185 -18.401981
2.458351 -10.912849 -18.404154
2.426342 -10.906790 -18.406340
2.394555 -10.900016 -18.408537
2.362987 -10.892541 -18.410744
2.331633 -10.884382 -18.412960
2.300490 -10.875554 -18.415183
2.269551 -10.866074 -18.417412
2.238815 -10.855957 -18.419645
2.208276 -10.845220 -18.421881
2.177929 -10.833877 -18.424119
2.147772 -10.821945 -18.426356
2.117799 -10.809440 -18.428592
2.088006 -10.796377 -18.430826
2.058389 -10.782772 -18.433055
2.028944 -10.768642 -18.435278
1.999666 -10.754002 -18.437494
1.970552 -10.738868 -18.439702
1.941597 -10.723256 -18.441900
1.912797 -10.707181 -18.444086
1.884147 -10.690660 -18.446259
1.855643 -10.673708 -18.448418
1.827282 -10.656341 -18.450561
1.799058 -10.638576 -18.452687
1.770968 -10.620427 -18.454794
1.743008 -10.601911 -18.456882
1.715172 -10.583044 -18.458948
1.687457 -10.563841 -18.460990
1.659859 -10.544318 -18.463009
1.632373 -10.524492 -18.465002
1.604995 -10.504377 -18.466967
1.577721 -10.483991 -18.468904
1.550547 -10.463348 -18.470811
1.523468 -10.442464 -18.472686
1.496480 -10.421356 -18.474528
1.469579 -10.400040 -18.476335
1.442760 -10.378530 -18.478107
1.416020 -10.356844 -18.479842
1.389354 -10.334996 -18.481538
1.362758 -10.313003 -18.483193
1.336228 -10.290880 -18.484807
1.309759 -10.268644 -18.486378
1.283347 -10.246310 -18.487905
1.256988 -10.223895 -18.489385
1.230678 -10.201413 -18.490819
1.204412 -10.178881 -18.492203
1.178186 -10.156314 -18.493537
1.151996 -10.133729 -18.494820
1.125838 -10.111141 -18.496049
1.099708 -10.088567 -18.497224
1.073600 -10.066022 -18.498343
1.047511 -10.043521 -18.499405
1.021437 -10.021081 -18.500408
0.995374 -9.998716 -18.501351
0.969321 -9.976429 -18.502236
0.943278 -9.954217 -18.503065
0.917245 -9.932080 -18.503842
0.891221 -9.910015 -18.504568
0.865208 -9.888023 -18.505247
0.839204 -9.866101 -18.505882
0.813210 -9.844247 -18.506474
0.787225 -9.822461 -18.507027
0.761251 -9.800742 -18.507543
0.735286 -9.779086 -18.508025
0.709331 -9.757494 -18.508476
0.683385 -9.735964 -18.508898
0.657449 -9.714494 -18.509294
0.631523 -9.693083 -18.509667
0.605607 -9.671730 -18.510019
0.579700 -9.650433 -18.510353
0.553802 -9.629190 -18.510672
0.527915 -9.608001 -18.510978
0.502037 -9.586864 -18.511274
0.476168 -9.565777 -18.511563
0.450309 -9.544739 -18.511847
0.424459 -9.523749 -18.512129
0.398619 -9.502805 -18.512412
0.372789 -9.481906 -18.512698
0.346967 -9.461050 -18.512990
0.321156 -9.440236 -18.513291
0.295353 -9.419463 -18.513603
0.269560 -9.398729 -18.513930
0.243777 -9.378033 -18.514273
0.218003 -9.357373 -18.514636
0.192238 -9.336748 -18.515021
0.166482 -9.316156 -18.515430
0.140736 -9.295597 -18.515867
0.114999 -9.275068 -18.516334
0.089271 -9.254568 -18.516834
0.063553 -9.234096 -18.517369
0.037844 -9.213651 -18.517943
0.012144 -9.193231 -18.518557
-0.013547 -9.172834 -18.519215
-0.039229 -9.152460 -18.519919
-0.064901 -9.132106 -18.520671
-0.090565 -9.111771 -18.521476
-0.116219 -9.091455 -18.522334
-0.141864 -9.071155 -18.523249
-0.167500 -9.050870 -18.524224
-0.193127 -9.030599 -18.525261
-0.218745 -9.010340 -18.526363
-0.244354 -8.990092 -18.527532
-0.269954 -8.969854 -18.528772
-0.295545 -8.949623 -18.530085
-0.321127 -8.929399 -18.531473
-0.346700 -8.909180 -18.532939
-0.372264 -8.888965 -18.534486
-0.397820 -8.868753 -18.536117
-0.423366 -8.848541 -18.537834
-0.448903 -8.828329 -18.539640
-0.474432 -8.808115 -18.541538
-0.499952 -8.787898 -18.543530
-0.525463 -8.767676 -18.545619
-0.550965 -8.747448 -18.547807
-0.576458 -8.727213 -18.550098
-0.601943 -8.706968 -18.552494
-0.627419 -8.686713 -18.554998
-0.652886 -8.666447 -18.557611
-0.678344 -8.646167 -18.560338
-0.703794 -8.625873 -18.563181
-0.729235 -8.605562 -18.566141
-0.754667 -8.585234 -18.569223
-0.780091 -8.564888 -18.572429
-0.805506 -8.544521 -18.575760
-0.830913 -8.524132 -18.579221
