timestamp,tx,ty,tz,qx,qy,qz,qw
0.000000,759329.963670,2524407.619397,38.655761,-0.052731,-0.025226,0.430813,0.900546
0.020000,759329.938272,2524407.639809,38.652170,-0.053477,-0.025572,0.430637,0.900577
0.040000,759329.912883,2524407.660243,38.648453,-0.054196,-0.025904,0.430462,0.900607
0.060000,759329.887501,2524407.680700,38.644616,-0.054888,-0.026223,0.430290,0.900639
0.080000,759329.862128,2524407.701180,38.640666,-0.055552,-0.026529,0.430119,0.900671
0.100000,759329.836763,2524407.721681,38.636607,-0.056189,-0.026822,0.429949,0.900704
0.120000,759329.811406,2524407.742205,38.632447,-0.057529,-0.027438,0.429606,0.900764
0.140000,759329.786056,2524407.762751,38.628190,-0.058787,-0.028014,0.429267,0.900827
0.160000,759329.760714,2524407.783319,38.623844,-0.059963,-0.028550,0.428934,0.900891
0.180000,759329.735380,2524407.803908,38.619414,-0.061057,-0.029046,0.428606,0.900958
0.200000,759329.710053,2524407.824518,38.614905,-0.062070,-0.029503,0.428283,0.901027
0.220000,759329.684733,2524407.845149,38.610324,-0.063000,-0.029921,0.427966,0.901100
0.240000,759329.659420,2524407.865801,38.605677,-0.063850,-0.030300,0.427656,0.901175
0.260000,759329.634114,2524407.886474,38.600970,-0.064618,-0.030640,0.427351,0.901253
0.280000,759329.608815,2524407.907168,38.596209,-0.065305,-0.030942,0.427051,0.901335
0.300000,759329.583522,2524407.927881,38.591399,-0.065911,-0.031204,0.426758,0.901421
0.320000,759329.558236,2524407.948615,38.586547,-0.066437,-0.031429,0.426472,0.901510
0.340000,759329.532956,2524407.969369,38.581658,-0.066882,-0.031615,0.426191,0.901603
0.360000,759329.507682,2524407.990142,38.576739,-0.067246,-0.031763,0.425916,0.901701
0.380000,759329.482414,2524408.010935,38.571796,-0.067529,-0.031874,0.425648,0.901802
0.400000,759329.457153,2524408.031747,38.566834,-0.067732,-0.031946,0.425386,0.901908
0.420000,759329.431897,2524408.052578,38.561859,-0.067855,-0.031981,0.425130,0.902018
0.440000,759329.406646,2524408.073428,38.556878,-0.067897,-0.031978,0.424881,0.902133
0.460000,759329.381401,2524408.094297,38.551896,-0.067860,-0.031938,0.424637,0.902252
0.480000,759329.356162,2524408.115184,38.546919,-0.067741,-0.031860,0.424401,0.902375
0.500000,759329.330928,2524408.136090,38.541954,-0.067543,-0.031745,0.424170,0.902502
0.520000,759329.305698,2524408.157013,38.537005,-0.067264,-0.031592,0.423945,0.902634
0.540000,759329.280474,2524408.177955,38.532080,-0.066905,-0.031403,0.423727,0.902770
0.560000,759329.255254,2524408.198914,38.527184,-0.066466,-0.031176,0.423515,0.902909
0.580000,759329.230040,2524408.219891,38.522323,-0.065946,-0.030912,0.423309,0.903053
0.600000,759329.204829,2524408.240885,38.517503,-0.065346,-0.030611,0.423109,0.903201
0.620000,759329.179623,2524408.261896,38.512730,-0.064665,-0.030274,0.422914,0.903352
0.640000,759329.154421,2524408.282924,38.508010,-0.063903,-0.029899,0.422726,0.903507
0.660000,759329.129224,2524408.303969,38.503349,-0.063061,-0.029487,0.422543,0.903665
0.680000,759329.104030,2524408.325030,38.498753,-0.062138,-0.029038,0.422366,0.903827
0.700000,759329.078840,2524408.346107,38.494227,-0.061134,-0.028552,0.422195,0.903991
0.720000,759329.053654,2524408.367201,38.489779,-0.060050,-0.028029,0.422028,0.904157
0.740000,759329.028471,2524408.388310,38.485412,-0.058884,-0.027469,0.421867,0.904326
0.760000,759329.003291,2524408.409435,38.481135,-0.057636,-0.026872,0.421711,0.904497
0.780000,759328.978115,2524408.430576,38.476952,-0.056307,-0.026238,0.421560,0.904670
0.800000,759328.952942,2524408.451731,38.472870,-0.054898,-0.025568,0.421414,0.904844
0.820000,759328.927772,2524408.472902,38.468894,-0.053415,-0.024864,0.421272,0.905018
0.840000,759328.902605,2524408.494088,38.465031,-0.051871,-0.024133,0.421135,0.905192
0.860000,759328.877440,2524408.515289,38.461286,-0.050275,-0.023378,0.421001,0.905364
0.880000,759328.852278,2524408.536504,38.457666,-0.048640,-0.022607,0.420871,0.905533
0.900000,759328.827119,2524408.557733,38.454175,-0.046975,-0.021822,0.420745,0.905699
0.920000,759328.801961,2524408.578976,38.450814,-0.045292,-0.021031,0.420622,0.905860
0.940000,759328.776806,2524408.600233,38.447581,-0.043603,-0.020237,0.420503,0.906017
0.960000,759328.751653,2524408.621503,38.444474,-0.041918,-0.019447,0.420387,0.906168
0.980000,759328.726501,2524408.642786,38.441490,-0.040249,-0.018664,0.420273,0.906312
1.000000,759328.701351,2524408.664081,38.438627,-0.038606,-0.017895,0.420164,0.906450
1.020000,759328.676203,2524408.685388,38.435882,-0.036991,-0.017140,0.420057,0.906581
1.040000,759328.651056,2524408.706708,38.433255,-0.035407,-0.016399,0.419954,0.906706
1.060000,759328.625910,2524408.728038,38.430742,-0.033851,-0.015673,0.419854,0.906825
1.080000,759328.600766,2524408.749379,38.428342,-0.032326,-0.014961,0.419758,0.906937
1.100000,759328.575622,2524408.770732,38.426051,-0.030829,-0.014264,0.419665,0.907043
1.120000,759328.550479,2524408.792094,38.423869,-0.029363,-0.013581,0.419576,0.907144
1.140000,759328.525337,2524408.813466,38.421792,-0.027926,-0.012913,0.419490,0.907238
1.160000,759328.500195,2524408.834848,38.419819,-0.026519,-0.012258,0.419408,0.907327
1.180000,759328.475053,2524408.856238,38.417948,-0.025142,-0.011619,0.419331,0.907411
1.200000,759328.449912,2524408.877638,38.416175,-0.023795,-0.010993,0.419257,0.907489
1.220000,759328.424771,2524408.899046,38.414500,-0.022478,-0.010382,0.419186,0.907562
1.240000,759328.399630,2524408.920462,38.412919,-0.021190,-0.009785,0.419120,0.907631
1.260000,759328.374488,2524408.941885,38.411431,-0.019933,-0.009203,0.419058,0.907694
1.280000,759328.349346,2524408.963316,38.410034,-0.018706,-0.008634,0.419000,0.907752
1.300000,759328.324204,2524408.984754,38.408724,-0.017509,-0.008080,0.418947,0.907806
1.320000,759328.299061,2524409.006198,38.407501,-0.016342,-0.007540,0.418897,0.907855
1.340000,759328.273917,2524409.027649,38.406362,-0.015205,-0.007015,0.418852,0.907900
1.360000,759328.248772,2524409.049105,38.405304,-0.014098,-0.006503,0.418811,0.907941
1.380000,759328.223626,2524409.070567,38.404326,-0.013022,-0.006006,0.418774,0.907977
1.400000,759328.198479,2524409.092033,38.403425,-0.011975,-0.005523,0.418742,0.908009
1.420000,759328.173330,2524409.113505,38.402599,-0.010959,-0.005053,0.418714,0.908038
1.440000,759328.148180,2524409.134980,38.401845,-0.009973,-0.004598,0.418691,0.908062
1.460000,759328.123028,2524409.156460,38.401163,-0.009017,-0.004157,0.418673,0.908083
1.480000,759328.097874,2524409.177943,38.400549,-0.008091,-0.003730,0.418658,0.908100
1.500000,759328.072718,2524409.199429,38.400001,-0.007196,-0.003317,0.418649,0.908114
1.520000,759328.047560,2524409.220918,38.399518,-0.006331,-0.002919,0.418644,0.908124
1.540000,759328.022400,2524409.242410,38.399096,-0.005496,-0.002534,0.418644,0.908130
1.560000,759327.997238,2524409.263904,38.398734,-0.004691,-0.002163,0.418649,0.908133
1.580000,759327.972072,2524409.285399,38.398430,-0.003917,-0.001806,0.418659,0.908133
1.600000,759327.946904,2524409.306896,38.398181,-0.003172,-0.001463,0.418673,0.908130
1.620000,759327.921734,2524409.328393,38.397985,-0.002458,-0.001133,0.418692,0.908124
1.640000,759327.896560,2524409.349892,38.397840,-0.001774,-0.000818,0.418716,0.908115
1.660000,759327.871383,2524409.371390,38.397744,-0.001121,-0.000517,0.418745,0.908103
1.680000,759327.846202,2524409.392888,38.397694,-0.000497,-0.000229,0.418779,0.908088
1.700000,759327.821019,2524409.414386,38.397689,0.000096,0.000044,0.418818,0.908070
1.720000,759327.795831,2524409.435883,38.397726,0.000659,0.000304,0.418862,0.908050
1.740000,759327.770640,2524409.457378,38.397803,0.001192,0.000550,0.418911,0.908026
1.760000,759327.745445,2524409.478872,38.397917,0.001695,0.000782,0.418965,0.908000
1.780000,759327.720246,2524409.500364,38.398067,0.002168,0.001000,0.419024,0.907972
1.800000,759327.695043,2524409.521854,38.398251,0.002610,0.001205,0.419088,0.907941
1.820000,759327.669835,2524409.543341,38.398466,0.003023,0.001395,0.419158,0.907907
1.840000,759327.644623,2524409.564824,38.398710,0.003405,0.001572,0.419232,0.907871
1.860000,759327.619406,2524409.586305,38.398980,0.003757,0.001735,0.419312,0.907833
1.880000,759327.594185,2524409.607781,38.399276,0.004079,0.001884,0.419396,0.907792
1.900000,759327.568958,2524409.629253,38.399593,0.004371,0.002020,0.419486,0.907749
1.920000,759327.543727,2524409.650721,38.399931,0.004633,0.002141,0.419581,0.907703
1.940000,759327.518490,2524409.672183,38.400287,0.004865,0.002249,0.419682,0.907655
1.960000,759327.493248,2524409.693640,38.400659,0.005066,0.002343,0.419787,0.907605
1.980000,759327.468000,2524409.715092,38.401044,0.005238,0.002423,0.419898,0.907553
2.000000,759327.442747,2524409.736537,38.401441,0.005379,0.002490,0.420014,0.907498
2.020000,759327.417488,2524409.757976,38.401848,0.005491,0.002542,0.420135,0.907441
2.040000,759327.392223,2524409.779408,38.402261,0.005573,0.002581,0.420262,0.907382
2.060000,759327.366952,2524409.800833,38.402679,0.005624,0.002606,0.420393,0.907321
2.080000,759327.341674,2524409.822250,38.403100,0.005645,0.002617,0.420530,0.907257
2.100000,759327.316390,2524409.843659,38.403521,0.005637,0.002614,0.420673,0.907191
2.120000,759327.291100,2524409.865060,38.403941,0.005598,0.002597,0.420820,0.907123
2.140000,759327.265803,2524409.886453,38.404357,0.005530,0.002566,0.420973,0.907053
2.160000,759327.240499,2524409.907836,38.404766,0.005431,0.002522,0.421131,0.906980
2.180000,759327.215189,2524409.929210,38.405168,0.005302,0.002463,0.421294,0.906905
2.200000,759327.189871,2524409.950574,38.405558,0.005144,0.002391,0.421463,0.906828
2.220000,759327.164545,2524409.971927,38.405937,0.004955,0.002304,0.421636,0.906749
2.240000,759327.139213,2524409.993271,38.406300,0.004736,0.002204,0.421815,0.906667
2.260000,759327.113873,2524410.014603,38.406646,0.004488,0.002089,0.421999,0.906583
2.280000,759327.088525,2524410.035924,38.406974,0.004209,0.001960,0.422189,0.906496
2.300000,759327.063169,2524410.057233,38.407279,0.003901,0.001818,0.422383,0.906407
2.320000,759327.037805,2524410.078531,38.407561,0.003562,0.001661,0.422583,0.906316
2.340000,759327.012433,2524410.099816,38.407817,0.003194,0.001490,0.422788,0.906222
2.360000,759326.987053,2524410.121088,38.408046,0.002795,0.001305,0.422998,0.906125
2.380000,759326.961664,2524410.142347,38.408244,0.002367,0.001105,0.423213,0.906026
2.400000,759326.936267,2524410.163593,38.408409,0.001908,0.000892,0.423434,0.905925
2.420000,759326.910861,2524410.184824,38.408540,0.001420,0.000664,0.423659,0.905820
2.440000,759326.885446,2524410.206042,38.408634,0.000901,0.000422,0.423890,0.905713
2.460000,759326.860023,2524410.227244,38.408689,0.000353,0.000165,0.424125,0.905604
2.480000,759326.834590,2524410.248432,38.408703,-0.000225,-0.000106,0.424366,0.905491
2.500000,759326.809147,2524410.269604,38.408674,-0.000833,-0.000391,0.424611,0.905375
2.520000,759326.783695,2524410.290761,38.408599,-0.001472,-0.000691,0.424862,0.905257
2.540000,759326.758234,2524410.311902,38.408476,-0.002140,-0.001005,0.425117,0.905135
2.560000,759326.732763,2524410.333026,38.408304,-0.002838,-0.001334,0.425378,0.905010
2.580000,759326.707281,2524410.354133,38.408079,-0.003566,-0.001677,0.425643,0.904882
2.600000,759326.681790,2524410.375223,38.407800,-0.004324,-0.002035,0.425913,0.904751
2.620000,759326.656289,2524410.396295,38.407464,-0.005111,-0.002408,0.426189,0.904617
2.640000,759326.630777,2524410.417349,38.407070,-0.005929,-0.002796,0.426468,0.904479
2.660000,759326.605255,2524410.438385,38.406614,-0.006776,-0.003198,0.426753,0.904337
2.680000,759326.579722,2524410.459403,38.406096,-0.007649,-0.003613,0.427042,0.904192
2.700000,759326.554178,2524410.480401,38.405512,-0.008539,-0.004036,0.427336,0.904044
2.720000,759326.528624,2524410.501380,38.404861,-0.009438,-0.004465,0.427634,0.903892
2.740000,759326.503058,2524410.522339,38.404140,-0.010336,-0.004894,0.427937,0.903736
2.760000,759326.477481,2524410.543277,38.403347,-0.011226,-0.005321,0.428243,0.903578
2.780000,759326.451893,2524410.564196,38.402484,-0.012099,-0.005739,0.428554,0.903417
2.800000,759326.426292,2524410.585094,38.401553,-0.012945,-0.006146,0.428869,0.903253
2.820000,759326.400679,2524410.605971,38.400559,-0.013757,-0.006538,0.429188,0.903087
2.840000,759326.375053,2524410.626829,38.399507,-0.014527,-0.006910,0.429511,0.902919
2.860000,759326.349414,2524410.647666,38.398400,-0.015244,-0.007258,0.429837,0.902748
2.880000,759326.323761,2524410.668483,38.397242,-0.015906,-0.007581,0.430168,0.902577
2.900000,759326.298093,2524410.689280,38.396038,-0.016512,-0.007877,0.430503,0.902404
2.920000,759326.272410,2524410.710057,38.394791,-0.017061,-0.008147,0.430841,0.902230
2.940000,759326.246712,2524410.730813,38.393505,-0.017555,-0.008391,0.431184,0.902054
2.960000,759326.220999,2524410.751550,38.392186,-0.017992,-0.008609,0.431531,0.901877
2.980000,759326.195268,2524410.772266,38.390836,-0.018374,-0.008800,0.431882,0.901700
3.000000,759326.169521,2524410.792963,38.389459,-0.018699,-0.008965,0.432237,0.901521
3.020000,759326.143757,2524410.813639,38.388061,-0.018969,-0.009104,0.432597,0.901342
3.040000,759326.117975,2524410.834296,38.386644,-0.019182,-0.009216,0.432960,0.901162
3.060000,759326.092175,2524410.854932,38.385214,-0.019340,-0.009302,0.433328,0.900981
3.080000,759326.066356,2524410.875549,38.383774,-0.019442,-0.009360,0.433700,0.900799
3.100000,759326.040517,2524410.896146,38.382327,-0.019488,-0.009393,0.434076,0.900617
3.120000,759326.014660,2524410.916723,38.380879,-0.019478,-0.009398,0.434456,0.900434
3.140000,759325.988781,2524410.937281,38.379434,-0.019413,-0.009377,0.434840,0.900250
3.160000,759325.962883,2524410.957818,38.377994,-0.019292,-0.009329,0.435228,0.900065
3.180000,759325.936963,2524410.978336,38.376566,-0.019115,-0.009253,0.435621,0.899880
3.200000,759325.911021,2524410.998834,38.375151,-0.018883,-0.009151,0.436017,0.899694
3.220000,759325.885058,2524411.019313,38.373756,-0.018596,-0.009022,0.436418,0.899507
3.240000,759325.859071,2524411.039772,38.372383,-0.018253,-0.008866,0.436822,0.899319
3.260000,759325.833062,2524411.060212,38.371036,-0.017854,-0.008682,0.437231,0.899130
3.280000,759325.807029,2524411.080631,38.369721,-0.017401,-0.008472,0.437643,0.898941
3.300000,759325.780973,2524411.101032,38.368441,-0.016892,-0.008233,0.438059,0.898750
3.320000,759325.754891,2524411.121413,38.367199,-0.016328,-0.007968,0.438479,0.898558
3.340000,759325.728785,2524411.141774,38.366001,-0.015710,-0.007675,0.438902,0.898365
3.360000,759325.702653,2524411.162116,38.364850,-0.015036,-0.007355,0.439329,0.898170
3.380000,759325.676496,2524411.182439,38.363750,-0.014307,-0.007007,0.439760,0.897974
3.400000,759325.650312,2524411.202742,38.362705,-0.013524,-0.006631,0.440194,0.897776
3.420000,759325.624101,2524411.223027,38.361720,-0.012686,-0.006228,0.440631,0.897577
3.440000,759325.597862,2524411.243291,38.360798,-0.011793,-0.005797,0.441072,0.897376
3.460000,759325.571596,2524411.263537,38.359944,-0.010847,-0.005338,0.441516,0.897172
3.480000,759325.545302,2524411.283763,38.359161,-0.009845,-0.004851,0.441962,0.896966
3.500000,759325.518979,2524411.303971,38.358454,-0.008790,-0.004337,0.442412,0.896758
3.520000,759325.492626,2524411.324159,38.357827,-0.007681,-0.003794,0.442865,0.896548
3.540000,759325.466244,2524411.344328,38.357284,-0.006518,-0.003224,0.443320,0.896334
3.560000,759325.439831,2524411.364478,38.356828,-0.005301,-0.002625,0.443777,0.896117
3.580000,759325.413388,2524411.384608,38.356465,-0.004030,-0.001998,0.444238,0.895898
3.600000,759325.386913,2524411.404720,38.356197,-0.002707,-0.001344,0.444700,0.895675
3.620000,759325.360407,2524411.424813,38.356030,-0.001330,-0.000661,0.445164,0.895448
3.640000,759325.333868,2524411.444887,38.355967,0.000100,0.000050,0.445631,0.895217
3.660000,759325.307297,2524411.464942,38.356013,0.001583,0.000789,0.446099,0.894982
3.680000,759325.280693,2524411.484979,38.356170,0.003118,0.001556,0.446569,0.894742
3.700000,759325.254055,2524411.504996,38.356444,0.004706,0.002352,0.447040,0.894498
3.720000,759325.227384,2524411.524994,38.356839,0.006339,0.003172,0.447509,0.894251
3.740000,759325.200677,2524411.544974,38.357358,0.008002,0.004009,0.447964,0.894007
3.760000,759325.173936,2524411.564935,38.358006,0.009678,0.004855,0.448394,0.893770
3.780000,759325.147159,2524411.584878,38.358787,0.011352,0.005702,0.448789,0.893547
3.800000,759325.120346,2524411.604802,38.359704,0.013008,0.006540,0.449139,0.893343
3.820000,759325.093499,2524411.624709,38.360758,0.014629,0.007361,0.449432,0.893165
3.840000,759325.066624,2524411.644604,38.361940,0.016200,0.008157,0.449657,0.893017
3.860000,759325.039729,2524411.664492,38.363242,0.017705,0.008919,0.449806,0.892906
3.880000,759325.012819,2524411.684379,38.364657,0.019129,0.009639,0.449867,0.892839
3.900000,759324.985901,2524411.704269,38.366176,0.020457,0.010307,0.449829,0.892821
3.920000,759324.958981,2524411.724167,38.367791,0.021679,0.010919,0.449688,0.892856
3.940000,759324.932065,2524411.744078,38.369493,0.022796,0.011474,0.449441,0.892945
3.960000,759324.905161,2524411.764008,38.371276,0.023807,0.011971,0.449091,0.893089
3.980000,759324.878275,2524411.783961,38.373130,0.024713,0.012412,0.448636,0.893287
4.000000,759324.851412,2524411.803942,38.375047,0.025515,0.012795,0.448076,0.893539
4.020000,759324.824581,2524411.823957,38.377021,0.026212,0.013120,0.447413,0.893847
4.040000,759324.797786,2524411.844010,38.379041,0.026805,0.013389,0.446644,0.894210
4.060000,759324.771034,2524411.864107,38.381101,0.027294,0.013600,0.445771,0.894628
4.080000,759324.744333,2524411.884252,38.383191,0.027679,0.013754,0.444792,0.895100
4.100000,759324.717688,2524411.904450,38.385305,0.027959,0.013851,0.443708,0.895628
4.120000,759324.691106,2524411.924707,38.387433,0.028134,0.013892,0.442518,0.896211
4.140000,759324.664593,2524411.945027,38.389568,0.028204,0.013875,0.441221,0.896848
4.160000,759324.638156,2524411.965416,38.391702,0.028168,0.013803,0.439817,0.897539
4.180000,759324.611802,2524411.985879,38.393826,0.028027,0.013675,0.438305,0.898285
4.200000,759324.585536,2524412.006420,38.395933,0.027779,0.013492,0.436684,0.899085
4.220000,759324.559365,2524412.027044,38.398014,0.027423,0.013254,0.434954,0.899937
4.240000,759324.533296,2524412.047758,38.400061,0.026959,0.012962,0.433114,0.900843
4.260000,759324.507335,2524412.068564,38.402066,0.026386,0.012616,0.431162,0.901800
4.280000,759324.481488,2524412.089470,38.404020,0.025704,0.012217,0.429098,0.902810
4.300000,759324.455763,2524412.110479,38.405917,0.024910,0.011766,0.426921,0.903869
4.320000,759324.430165,2524412.131597,38.407747,0.024004,0.011263,0.424629,0.904979
4.340000,759324.404701,2524412.152829,38.409503,0.022985,0.010710,0.422221,0.906138
4.360000,759324.379377,2524412.174180,38.411176,0.021852,0.010108,0.419698,0.907345
4.380000,759324.354200,2524412.195654,38.412758,0.020604,0.009457,0.417056,0.908598
4.400000,759324.329177,2524412.217257,38.414242,0.019239,0.008760,0.414295,0.909897
4.420000,759324.304313,2524412.238994,38.415618,0.017755,0.008016,0.411413,0.911241
4.440000,759324.279615,2524412.260870,38.416880,0.016153,0.007229,0.408410,0.912627
4.460000,759324.255091,2524412.282889,38.418018,0.014430,0.006398,0.405284,0.914054
4.480000,759324.230745,2524412.305058,38.419025,0.012586,0.005527,0.402034,0.915521
4.500000,759324.206585,2524412.327380,38.419893,0.010618,0.004616,0.398659,0.917026
4.520000,759324.182617,2524412.349862,38.420613,0.008527,0.003668,0.395157,0.918567
4.540000,759324.158848,2524412.372507,38.421178,0.006310,0.002685,0.391527,0.920141
4.560000,759324.135284,2524412.395322,38.421578,0.003967,0.001669,0.387768,0.921747
4.580000,759324.111931,2524412.418310,38.421807,0.001498,0.000623,0.383879,0.923382
4.600000,759324.088796,2524412.441478,38.421856,-0.001100,-0.000452,0.379859,0.925044
4.620000,759324.065885,2524412.464829,38.421716,-0.003827,-0.001552,0.375706,0.926730
4.640000,759324.043206,2524412.488370,38.421380,-0.006683,-0.002673,0.371421,0.928437
4.660000,759324.020763,2524412.512105,38.420840,-0.009668,-0.003815,0.367002,0.930162
4.680000,759323.998565,2524412.536039,38.420088,-0.012783,-0.004972,0.362449,0.931903
4.700000,759323.976616,2524412.560177,38.419114,-0.016016,-0.006137,0.357762,0.933655
4.720000,759323.954925,2524412.584524,38.417913,-0.019322,-0.007291,0.352945,0.935416
4.740000,759323.933496,2524412.609086,38.416474,-0.022653,-0.008412,0.348006,0.937181
4.760000,759323.912337,2524412.633867,38.414790,-0.025958,-0.009481,0.342948,0.938948
4.780000,759323.891455,2524412.658872,38.412853,-0.029186,-0.010480,0.337780,0.940714
4.800000,759323.870854,2524412.684105,38.410663,-0.032287,-0.011391,0.332506,0.942479
4.820000,759323.850539,2524412.709570,38.408243,-0.035209,-0.012198,0.327135,0.944243
4.840000,759323.830515,2524412.735269,38.405617,-0.037901,-0.012888,0.321674,0.946004
4.860000,759323.810785,2524412.761204,38.402813,-0.040313,-0.013446,0.316130,0.947764
4.880000,759323.791354,2524412.787378,38.399855,-0.042392,-0.013863,0.310510,0.949523
4.900000,759323.772226,2524412.813792,38.396771,-0.044099,-0.014131,0.304820,0.951283
4.920000,759323.753404,2524412.840450,38.393586,-0.045428,-0.014255,0.299064,0.953044
4.940000,759323.734893,2524412.867354,38.390326,-0.046376,-0.014243,0.293242,0.954806
4.960000,759323.716696,2524412.894506,38.387016,-0.046942,-0.014102,0.287357,0.956569
4.980000,759323.698819,2524412.921909,38.383684,-0.047125,-0.013838,0.281409,0.958330
5.000000,759323.681265,2524412.949564,38.380354,-0.046923,-0.013460,0.275400,0.960089
5.020000,759323.664038,2524412.977476,38.377053,-0.046337,-0.012975,0.269332,0.961844
5.040000,759323.647142,2524413.005645,38.373807,-0.045364,-0.012391,0.263206,0.963593
5.060000,759323.630581,2524413.034074,38.370641,-0.044004,-0.011716,0.257024,0.965332
5.080000,759323.614359,2524413.062766,38.367582,-0.042258,-0.010959,0.250787,0.967057
5.100000,759323.598481,2524413.091724,38.364656,-0.040125,-0.010127,0.244497,0.968767
5.120000,759323.582950,2524413.120948,38.361888,-0.037606,-0.009229,0.238155,0.970455
5.140000,759323.567771,2524413.150443,38.359304,-0.034702,-0.008273,0.231763,0.972118
5.160000,759323.552948,2524413.180210,38.356932,-0.031424,-0.007271,0.225322,0.973750
5.180000,759323.538484,2524413.210252,38.354795,-0.027824,-0.006243,0.218827,0.975347
5.200000,759323.524384,2524413.240571,38.352921,-0.023967,-0.005208,0.212268,0.976904
5.220000,759323.510652,2524413.271170,38.351335,-0.019919,-0.004186,0.205638,0.978417
5.240000,759323.497292,2524413.302050,38.350064,-0.015741,-0.003196,0.198924,0.979883
5.260000,759323.484310,2524413.333213,38.349127,-0.011498,-0.002251,0.192115,0.981303
5.280000,759323.471721,2524413.364646,38.348517,-0.007249,-0.001366,0.185196,0.982674
5.300000,759323.459546,2524413.396334,38.348218,-0.003057,-0.000553,0.178155,0.983998
5.320000,759323.447802,2524413.428261,38.348213,0.001021,0.000177,0.170972,0.985275
5.340000,759323.436509,2524413.460413,38.348487,0.004926,0.000817,0.163631,0.986509
5.360000,759323.425686,2524413.492773,38.349022,0.008609,0.001361,0.156114,0.987701
5.380000,759323.415352,2524413.525327,38.349804,0.012060,0.001810,0.148408,0.988851
5.400000,759323.405525,2524413.558058,38.350815,0.015282,0.002169,0.140505,0.989960
5.420000,759323.396224,2524413.590952,38.352039,0.018277,0.002442,0.132395,0.991025
5.440000,759323.387469,2524413.623994,38.353461,0.021047,0.002632,0.124069,0.992047
5.460000,759323.379279,2524413.657167,38.355064,0.023592,0.002744,0.115517,0.993021
5.480000,759323.371671,2524413.690457,38.356831,0.025913,0.002783,0.106730,0.993946
5.500000,759323.364667,2524413.723848,38.358747,0.028009,0.002751,0.097698,0.994818
5.520000,759323.358283,2524413.757324,38.360796,0.029881,0.002653,0.088410,0.995632
5.540000,759323.352539,2524413.790871,38.362960,0.031525,0.002495,0.078859,0.996384
5.560000,759323.347455,2524413.824473,38.365225,0.032941,0.002281,0.069035,0.997068
5.580000,759323.343049,2524413.858114,38.367573,0.034126,0.002016,0.058928,0.997677
5.600000,759323.339339,2524413.891780,38.369988,0.035078,0.001705,0.048530,0.998204
5.620000,759323.336346,2524413.925454,38.372455,0.035794,0.001356,0.037833,0.998642
5.640000,759323.334087,2524413.959122,38.374957,0.036270,0.000974,0.026830,0.998981
5.660000,759323.332582,2524413.992768,38.377477,0.036504,0.000567,0.015514,0.999213
5.680000,759323.331851,2524414.026376,38.380000,0.036491,0.000142,0.003880,0.999326
5.700000,759323.331910,2524414.059932,38.382510,0.036229,-0.000293,-0.008076,0.999311
5.720000,759323.332781,2524414.093420,38.384989,0.035722,-0.000727,-0.020345,0.999154
5.740000,759323.334481,2524414.126824,38.387423,0.034993,-0.001152,-0.032882,0.998846
5.760000,759323.337029,2524414.160129,38.389794,0.034068,-0.001557,-0.045636,0.998376
5.780000,759323.340445,2524414.193320,38.392087,0.032976,-0.001935,-0.058552,0.997738
5.800000,759323.344748,2524414.226382,38.394285,0.031747,-0.002279,-0.071576,0.996927
5.820000,759323.349947,2524414.259299,38.396377,0.030410,-0.002585,-0.084651,0.995943
5.840000,759323.356032,2524414.292060,38.398364,0.028997,-0.002848,-0.097723,0.994787
5.860000,759323.362987,2524414.324653,38.400249,0.027538,-0.003070,-0.110735,0.993464
5.880000,759323.370798,2524414.357067,38.402035,0.026066,-0.003249,-0.123632,0.991980
5.900000,759323.379449,2524414.389289,38.403725,0.024612,-0.003389,-0.136363,0.990347
5.920000,759323.388925,2524414.421308,38.405323,0.023200,-0.003494,-0.148889,0.988576
5.940000,759323.399211,2524414.453113,38.406832,0.021835,-0.003567,-0.161205,0.986673
5.960000,759323.410293,2524414.484691,38.408254,0.020519,-0.003612,-0.173312,0.984647
5.980000,759323.422155,2524414.516031,38.409594,0.019252,-0.003629,-0.185215,0.982503
6.000000,759323.434781,2524414.547121,38.410853,0.018036,-0.003623,-0.196915,0.980248
6.020000,759323.448158,2524414.577949,38.412036,0.016871,-0.003596,-0.208418,0.977888
6.040000,759323.462270,2524414.608504,38.413145,0.015758,-0.003550,-0.219728,0.975428
6.060000,759323.477102,2524414.638774,38.414183,0.014696,-0.003487,-0.230850,0.972872
6.080000,759323.492639,2524414.668747,38.415154,0.013687,-0.003411,-0.241791,0.970226
6.100000,759323.508866,2524414.698411,38.416061,0.012731,-0.003323,-0.252556,0.967493
6.120000,759323.525767,2524414.727756,38.416907,0.011826,-0.003226,-0.263153,0.964676
6.140000,759323.543329,2524414.756768,38.417695,0.010973,-0.003121,-0.273587,0.961779
6.160000,759323.561535,2524414.785437,38.418427,0.010171,-0.003011,-0.283867,0.958805
6.180000,759323.580371,2524414.813751,38.419108,0.009420,-0.002898,-0.294000,0.955755
6.200000,759323.599822,2524414.841697,38.419741,0.008719,-0.002782,-0.303992,0.952631
6.220000,759323.619872,2524414.869265,38.420328,0.008069,-0.002667,-0.313852,0.949434
6.240000,759323.640507,2524414.896442,38.420873,0.007468,-0.002554,-0.323588,0.946165
6.260000,759323.661711,2524414.923218,38.421378,0.006915,-0.002444,-0.333206,0.942825
6.280000,759323.683470,2524414.949579,38.421848,0.006411,-0.002339,-0.342715,0.939415
6.300000,759323.705768,2524414.975514,38.422285,0.005954,-0.002240,-0.352123,0.935932
6.320000,759323.728591,2524415.001013,38.422692,0.005544,-0.002149,-0.361437,0.932378
6.340000,759323.751923,2524415.026062,38.423072,0.005181,-0.002068,-0.370664,0.928750
6.360000,759323.775750,2524415.050650,38.423429,0.004863,-0.001997,-0.379814,0.925048
6.380000,759323.800055,2524415.074766,38.423765,0.004590,-0.001938,-0.388892,0.921270
6.400000,759323.824825,2524415.098398,38.424084,0.004362,-0.001892,-0.397908,0.917413
6.420000,759323.850045,2524415.121534,38.424389,0.004177,-0.001861,-0.406867,0.913476
6.440000,759323.875698,2524415.144162,38.424684,0.004036,-0.001845,-0.415779,0.909455
6.460000,759323.901771,2524415.166271,38.424970,0.003938,-0.001847,-0.424649,0.905348
6.480000,759323.928247,2524415.187849,38.425252,0.003883,-0.001868,-0.433486,0.901150
6.500000,759323.955113,2524415.208884,38.425532,0.003869,-0.001908,-0.442295,0.896859
6.520000,759323.982353,2524415.229365,38.425814,0.003897,-0.001970,-0.451085,0.892470
6.540000,759324.009951,2524415.249279,38.426100,0.003965,-0.002054,-0.459862,0.887979
6.560000,759324.037894,2524415.268616,38.426395,0.004075,-0.002162,-0.468633,0.883381
6.580000,759324.066165,2524415.287363,38.426700,0.004224,-0.002295,-0.477405,0.878670
6.600000,759324.094751,2524415.305509,38.427020,0.004412,-0.002455,-0.486183,0.873843
6.620000,759324.123635,2524415.323041,38.427357,0.004640,-0.002643,-0.494973,0.868892
6.640000,759324.152802,2524415.339949,38.427714,0.004906,-0.002861,-0.503783,0.863811
6.660000,759324.182239,2524415.356220,38.428095,0.005210,-0.003111,-0.512618,0.858595
6.680000,759324.211929,2524415.371844,38.428502,0.005552,-0.003393,-0.521483,0.853237
6.700000,759324.241858,2524415.386807,38.428940,0.005930,-0.003710,-0.530384,0.847729
6.720000,759324.272010,2524415.401099,38.429410,0.006344,-0.004064,-0.539325,0.842064
6.740000,759324.302371,2524415.414707,38.429917,0.006794,-0.004455,-0.548312,0.836234
6.760000,759324.332925,2524415.427620,38.430462,0.007279,-0.004886,-0.557349,0.830232
6.780000,759324.363658,2524415.439827,38.431051,0.007797,-0.005359,-0.566440,0.824049
6.800000,759324.394554,2524415.451315,38.431684,0.008348,-0.005876,-0.575587,0.817677
6.820000,759324.425599,2524415.462073,38.432366,0.008930,-0.006438,-0.584796,0.811106
6.840000,759324.456777,2524415.472089,38.433101,0.009542,-0.007048,-0.594067,0.804328
6.860000,759324.488073,2524415.481351,38.433889,0.010183,-0.007706,-0.603402,0.797335
6.880000,759324.519472,2524415.489848,38.434737,0.010851,-0.008416,-0.612804,0.790115
6.900000,759324.550960,2524415.497568,38.435645,0.011544,-0.009179,-0.622267,0.782666
6.920000,759324.582521,2524415.504499,38.436617,0.012259,-0.009993,-0.631764,0.774999
6.940000,759324.614140,2524415.510630,38.437657,0.012990,-0.010859,-0.641266,0.767131
6.960000,759324.645801,2524415.515949,38.438768,0.013735,-0.011775,-0.650741,0.759085
6.980000,759324.677491,2524415.520443,38.439952,0.014490,-0.012739,-0.660153,0.750884
7.000000,759324.709197,2524415.524108,38.441213,0.015249,-0.013748,-0.669468,0.742557
7.020000,759324.740913,2524415.526955,38.442553,0.016011,-0.014801,-0.678652,0.734137
7.040000,759324.772637,2524415.528998,38.443973,0.016772,-0.015893,-0.687668,0.725658
7.060000,759324.804366,2524415.530254,38.445476,0.017527,-0.017022,-0.696481,0.717159
7.080000,759324.836096,2524415.530735,38.447062,0.018276,-0.018182,-0.705057,0.708682
7.100000,759324.867824,2524415.530459,38.448735,0.019016,-0.019371,-0.713370,0.700261
7.120000,759324.899547,2524415.529439,38.450495,0.019745,-0.020587,-0.721414,0.691916
7.140000,759324.931262,2524415.527691,38.452345,0.020465,-0.021828,-0.729188,0.683659
7.160000,759324.962965,2524415.525230,38.454287,0.021175,-0.023093,-0.736692,0.675502
7.180000,759324.994654,2524415.522070,38.456322,0.021874,-0.024380,-0.743929,0.667456
7.200000,759325.026326,2524415.518226,38.458452,0.022564,-0.025690,-0.750900,0.659530
7.220000,759325.057976,2524415.513714,38.460680,0.023244,-0.027020,-0.757610,0.651734
7.240000,759325.089603,2524415.508549,38.463006,0.023914,-0.028369,-0.764063,0.644074
7.260000,759325.121202,2524415.502745,38.465433,0.024576,-0.029738,-0.770263,0.636559
7.280000,759325.152771,2524415.496318,38.467963,0.025230,-0.031125,-0.776216,0.629193
7.300000,759325.184306,2524415.489282,38.470598,0.025876,-0.032531,-0.781928,0.621981
7.320000,759325.215804,2524415.481652,38.473338,0.026516,-0.033953,-0.787405,0.614928
7.340000,759325.247263,2524415.473444,38.476187,0.027150,-0.035394,-0.792654,0.608037
7.360000,759325.278678,2524415.464672,38.479146,0.027779,-0.036851,-0.797682,0.601311
7.380000,759325.310048,2524415.455351,38.482217,0.028404,-0.038326,-0.802494,0.594750
7.400000,759325.341367,2524415.445497,38.485402,0.029026,-0.039817,-0.807099,0.588357
7.420000,759325.372634,2524415.435124,38.488702,0.029646,-0.041327,-0.811502,0.582132
7.440000,759325.403845,2524415.424248,38.492120,0.030265,-0.042854,-0.815711,0.576075
7.460000,759325.434998,2524415.412882,38.495657,0.030883,-0.044399,-0.819733,0.570187
7.480000,759325.466088,2524415.401043,38.499315,0.031502,-0.045963,-0.823574,0.564466
7.500000,759325.497113,2524415.388745,38.503096,0.032124,-0.047546,-0.827240,0.558911
7.520000,759325.528069,2524415.376003,38.507002,0.032748,-0.049149,-0.830738,0.553522
7.540000,759325.558953,2524415.362832,38.511034,0.033376,-0.050772,-0.834073,0.548297
7.560000,759325.589763,2524415.349247,38.515195,0.034009,-0.052416,-0.837253,0.543234
7.580000,759325.620495,2524415.335263,38.519487,0.034648,-0.054082,-0.840282,0.538332
7.600000,759325.651145,2524415.320896,38.523911,0.035294,-0.055771,-0.843166,0.533588
7.620000,759325.681711,2524415.306159,38.528469,0.035948,-0.057484,-0.845909,0.529000
7.640000,759325.712190,2524415.291068,38.533163,0.036611,-0.059221,-0.848518,0.524566
7.660000,759325.742577,2524415.275639,38.537994,0.037285,-0.060984,-0.850996,0.520285
7.680000,759325.772871,2524415.259885,38.542965,0.037969,-0.062774,-0.853349,0.516153
7.700000,759325.803068,2524415.243822,38.548078,0.038666,-0.064592,-0.855579,0.512169
7.720000,759325.833164,2524415.227465,38.553334,0.039377,-0.066440,-0.857692,0.508330
7.740000,759325.863157,2524415.210829,38.558735,0.040102,-0.068318,-0.859691,0.504634
7.760000,759325.893044,2524415.193929,38.564284,0.040843,-0.070227,-0.861580,0.501079
7.780000,759325.922820,2524415.176780,38.569981,0.041601,-0.072170,-0.863361,0.497663
7.800000,759325.952484,2524415.159396,38.575829,0.042376,-0.074147,-0.865038,0.494384
7.820000,759325.982032,2524415.141793,38.581829,0.043172,-0.076161,-0.866614,0.491240
7.840000,759326.011460,2524415.123986,38.587984,0.043987,-0.078211,-0.868091,0.488228
7.860000,759326.040765,2524415.105990,38.594295,0.044825,-0.080301,-0.869471,0.485348
7.880000,759326.069945,2524415.087819,38.600765,0.045686,-0.082432,-0.870757,0.482598
7.900000,759326.098996,2524415.069489,38.607394,0.046572,-0.084604,-0.871950,0.479975
7.920000,759326.127916,2524415.051015,38.614185,0.047483,-0.086821,-0.873053,0.477480
7.940000,759326.156699,2524415.032411,38.621140,0.048423,-0.089084,-0.874066,0.475109
7.960000,759326.185345,2524415.013693,38.628260,0.049391,-0.091394,-0.874991,0.472862
7.980000,759326.213849,2524414.994875,38.635548,0.050391,-0.093755,-0.875829,0.470739
8.000000,759326.242208,2524414.975973,38.643005,0.051423,-0.096166,-0.876580,0.468737
8.020000,759326.270420,2524414.957001,38.650633,0.052490,-0.098631,-0.877246,0.466857
8.040000,759326.298480,2524414.937975,38.658434,0.053593,-0.101152,-0.877827,0.465097
8.060000,759326.326386,2524414.918909,38.666409,0.054735,-0.103731,-0.878323,0.463458
8.080000,759326.354134,2524414.899819,38.674562,0.055917,-0.106370,-0.878733,0.461938
8.100000,759326.381722,2524414.880719,38.682892,0.057142,-0.109071,-0.879058,0.460538
8.120000,759326.409147,2524414.861625,38.691403,0.058413,-0.111837,-0.879297,0.459258
8.140000,759326.436404,2524414.842550,38.700097,0.059731,-0.114670,-0.879449,0.458097
8.160000,759326.463491,2524414.823512,38.708974,0.061095,-0.117569,-0.879518,0.457048
8.180000,759326.490405,2524414.804523,38.718037,0.062501,-0.120525,-0.879517,0.456090
8.200000,759326.517142,2524414.785600,38.727288,0.063940,-0.123531,-0.879454,0.455205
8.220000,759326.543700,2524414.766757,38.736728,0.065406,-0.126579,-0.879344,0.454373
8.240000,759326.570074,2524414.748009,38.746360,0.066891,-0.129660,-0.879196,0.453574
8.260000,759326.596265,2524414.729361,38.756183,0.068387,-0.132763,-0.879023,0.452787
8.280000,759326.622274,2524414.710805,38.766195,0.069884,-0.135880,-0.878837,0.451994
8.300000,759326.648101,2524414.692336,38.776392,0.071373,-0.138998,-0.878651,0.451173
8.320000,759326.673749,2524414.673946,38.786774,0.072844,-0.142108,-0.878479,0.450304
8.340000,759326.699218,2524414.655627,38.797336,0.074285,-0.145197,-0.878334,0.449366
8.360000,759326.724511,2524414.637371,38.808076,0.075688,-0.148259,-0.878223,0.448347
8.380000,759326.749628,2524414.619173,38.818992,0.077053,-0.151290,-0.878149,0.447246
8.400000,759326.774571,2524414.601024,38.830081,0.078376,-0.154290,-0.878111,0.446063
8.420000,759326.799341,2524414.582917,38.841340,0.079657,-0.157258,-0.878112,0.444797
8.440000,759326.823941,2524414.564845,38.852767,0.080893,-0.160190,-0.878151,0.443448
8.460000,759326.848371,2524414.546800,38.864359,0.082082,-0.163087,-0.878230,0.442016
8.480000,759326.872632,2524414.528776,38.876114,0.083224,-0.165947,-0.878348,0.440499
8.500000,759326.896727,2524414.510765,38.888028,0.084315,-0.168767,-0.878508,0.438899
8.520000,759326.920656,2524414.492759,38.900100,0.085355,-0.171546,-0.878709,0.437216
8.540000,759326.944422,2524414.474752,38.912327,0.086343,-0.174283,-0.878951,0.435448
8.560000,759326.968025,2524414.456736,38.924705,0.087276,-0.176976,-0.879236,0.433597
8.580000,759326.991467,2524414.438704,38.937233,0.088153,-0.179623,-0.879564,0.431662
8.600000,759327.014749,2524414.420648,38.949908,0.088974,-0.182223,-0.879934,0.429645
8.620000,759327.037873,2524414.402561,38.962727,0.089736,-0.184774,-0.880348,0.427544
8.640000,759327.060840,2524414.384436,38.975687,0.090439,-0.187275,-0.880805,0.425361
8.660000,759327.083652,2524414.366266,38.988787,0.091082,-0.189723,-0.881305,0.423097
8.680000,759327.106310,2524414.348044,39.002023,0.091664,-0.192117,-0.881848,0.420752
8.700000,759327.128816,2524414.329761,39.015393,0.092183,-0.194455,-0.882435,0.418327
8.720000,759327.151170,2524414.311411,39.028893,0.092640,-0.196736,-0.883065,0.415822
8.740000,759327.173375,2524414.292986,39.042523,0.093034,-0.198958,-0.883738,0.413240
8.760000,759327.195432,2524414.274480,39.056278,0.093363,-0.201119,-0.884454,0.410580
8.780000,759327.217342,2524414.255884,39.070156,0.093629,-0.203218,-0.885211,0.407845
8.800000,759327.239107,2524414.237192,39.084155,0.093830,-0.205252,-0.886010,0.405037
8.820000,759327.260728,2524414.218397,39.098272,0.093972,-0.207219,-0.886841,0.402173
8.840000,759327.282206,2524414.199490,39.112505,0.094059,-0.209118,-0.887695,0.399275
8.860000,759327.303544,2524414.180465,39.126850,0.094097,-0.210944,-0.888562,0.396367
8.880000,759327.324741,2524414.161314,39.141305,0.094094,-0.212697,-0.889431,0.393469
8.900000,759327.345802,2524414.142032,39.155868,0.094055,-0.214375,-0.890294,0.390606
8.920000,759327.366732,2524414.122618,39.170536,0.093987,-0.215977,-0.891142,0.387798
8.940000,759327.387540,2524414.103079,39.185306,0.093897,-0.217501,-0.891963,0.385069
8.960000,759327.408235,2524414.083416,39.200175,0.093794,-0.218948,-0.892751,0.382440
8.980000,759327.428825,2524414.063636,39.215141,0.093683,-0.220316,-0.893495,0.379935
9.000000,759327.449320,2524414.043740,39.230202,0.093573,-0.221606,-0.894189,0.377571
9.020000,759327.469728,2524414.023735,39.245353,0.093466,-0.222818,-0.894831,0.375357
9.040000,759327.490058,2524414.003624,39.260594,0.093364,-0.223954,-0.895422,0.373293
9.060000,759327.510319,2524413.983411,39.275920,0.093269,-0.225013,-0.895962,0.371379
9.080000,759327.530520,2524413.963100,39.291329,0.093181,-0.225998,-0.896452,0.369616
9.100000,759327.550669,2524413.942695,39.306819,0.093103,-0.226908,-0.896893,0.368005
9.120000,759327.570774,2524413.922200,39.322387,0.093034,-0.227744,-0.897286,0.366545
9.140000,759327.590846,2524413.901620,39.338030,0.092977,-0.228507,-0.897631,0.365237
9.160000,759327.610892,2524413.880959,39.353745,0.092932,-0.229198,-0.897930,0.364080
9.180000,759327.630922,2524413.860220,39.369530,0.092900,-0.229818,-0.898182,0.363074
9.200000,759327.650944,2524413.839409,39.385382,0.092881,-0.230367,-0.898388,0.362220
9.220000,759327.670966,2524413.818528,39.401299,0.092877,-0.230845,-0.898549,0.361516
9.240000,759327.690998,2524413.797582,39.417277,0.092887,-0.231255,-0.898666,0.360962
9.260000,759327.711049,2524413.776575,39.433314,0.092912,-0.231595,-0.898738,0.360557
9.280000,759327.731127,2524413.755512,39.449407,0.092952,-0.231867,-0.898766,0.360301
9.300000,759327.751241,2524413.734396,39.465554,0.093007,-0.232071,-0.898751,0.360192
9.320000,759327.771399,2524413.713232,39.481751,0.093078,-0.232208,-0.898693,0.360231
9.340000,759327.791611,2524413.692023,39.497997,0.093164,-0.232278,-0.898593,0.360415
9.360000,759327.811886,2524413.670774,39.514288,0.093265,-0.232281,-0.898449,0.360744
9.380000,759327.832231,2524413.649489,39.530622,0.093381,-0.232218,-0.898264,0.361216
9.400000,759327.852656,2524413.628172,39.546995,0.093512,-0.232089,-0.898036,0.361830
9.420000,759327.873170,2524413.606827,39.563406,0.093656,-0.231895,-0.897767,0.362585
9.440000,759327.893781,2524413.585458,39.579852,0.093815,-0.231635,-0.897456,0.363479
9.460000,759327.914499,2524413.564069,39.596329,0.093986,-0.231310,-0.897103,0.364510
9.480000,759327.935331,2524413.542665,39.612836,0.094169,-0.230921,-0.896709,0.365678
9.500000,759327.956286,2524413.521250,39.629369,0.094365,-0.230466,-0.896274,0.366980
9.520000,759327.977375,2524413.499827,39.645926,0.094570,-0.229947,-0.895797,0.368414
9.540000,759327.998604,2524413.478400,39.662504,0.094779,-0.229355,-0.895285,0.369971
9.560000,759328.019983,2524413.456975,39.679101,0.094982,-0.228675,-0.894746,0.371639
9.580000,759328.041521,2524413.435555,39.695713,0.095166,-0.227894,-0.894191,0.373403
9.600000,759328.063227,2524413.414143,39.712338,0.095320,-0.226997,-0.893629,0.375252
9.620000,759328.085108,2524413.392745,39.728972,0.095435,-0.225970,-0.893068,0.377173
9.640000,759328.107167,2524413.371364,39.745603,0.095498,-0.224800,-0.892517,0.379154
9.660000,759328.129400,2524413.350004,39.762209,0.095499,-0.223473,-0.891986,0.381183
9.680000,759328.151803,2524413.328669,39.778769,0.095426,-0.221973,-0.891483,0.383250
9.700000,759328.174373,2524413.307362,39.795260,0.095269,-0.220286,-0.891015,0.385344
9.720000,759328.197105,2524413.286088,39.811662,0.095015,-0.218398,-0.890592,0.387454
9.740000,759328.219996,2524413.264850,39.827953,0.094658,-0.216301,-0.890215,0.389578
9.760000,759328.243043,2524413.243651,39.844110,0.094197,-0.213994,-0.889884,0.391715
9.780000,759328.266241,2524413.222497,39.860114,0.093629,-0.211473,-0.889596,0.393867
9.800000,759328.289587,2524413.201390,39.875941,0.092952,-0.208738,-0.889351,0.396034
9.820000,759328.313076,2524413.180334,39.891571,0.092164,-0.205785,-0.889147,0.398217
9.840000,759328.336706,2524413.159333,39.906982,0.091260,-0.202609,-0.888981,0.400417
9.860000,759328.360472,2524413.138391,39.922153,0.090238,-0.199208,-0.888853,0.402634
9.880000,759328.384371,2524413.117512,39.937061,0.089094,-0.195578,-0.888759,0.404869
9.900000,759328.408399,2524413.096699,39.951686,0.087825,-0.191712,-0.888699,0.407121
9.920000,759328.432553,2524413.075956,39.966005,0.086427,-0.187607,-0.888669,0.409393
9.940000,759328.456827,2524413.055288,39.979998,0.084895,-0.183256,-0.888666,0.411682
9.960000,759328.481220,2524413.034697,39.993642,0.083224,-0.178653,-0.888689,0.413990
9.980000,759328.505726,2524413.014188,40.006917,0.081411,-0.173793,-0.888734,0.416316
10.000000,759328.530342,2524412.993765,40.019799,0.079450,-0.168668,-0.888798,0.418661
10.020000,759328.555065,2524412.973431,40.032269,0.077335,-0.163272,-0.888877,0.421022
10.040000,759328.579891,2524412.953190,40.044304,0.075061,-0.157598,-0.888966,0.423401
10.060000,759328.604815,2524412.933045,40.055883,0.072623,-0.151637,-0.889061,0.425796
10.080000,759328.629835,2524412.913001,40.066985,0.070014,-0.145383,-0.889158,0.428205
10.100000,759328.654946,2524412.893062,40.077587,0.067229,-0.138828,-0.889251,0.430627
10.120000,759328.680145,2524412.873231,40.087668,0.064260,-0.131964,-0.889334,0.433061
10.140000,759328.705428,2524412.853512,40.097206,0.061102,-0.124783,-0.889400,0.435504
10.160000,759328.730790,2524412.833908,40.106181,0.057747,-0.117279,-0.889442,0.437954
10.180000,759328.756230,2524412.814425,40.114570,0.054191,-0.109444,-0.889452,0.440409
10.200000,759328.781742,2524412.795064,40.122353,0.050426,-0.101272,-0.889423,0.442864
10.220000,759328.807323,2524412.775831,40.129506,0.046445,-0.092756,-0.889344,0.445317
10.240000,759328.832969,2524412.756729,40.136009,0.042244,-0.083892,-0.889205,0.447763
10.260000,759328.858676,2524412.737761,40.141841,0.037816,-0.074675,-0.888997,0.450197
10.280000,759328.884441,2524412.718933,40.146979,0.033156,-0.065102,-0.888708,0.452615
10.300000,759328.910260,2524412.700246,40.151403,0.028260,-0.055172,-0.888325,0.455012
10.320000,759328.936130,2524412.681706,40.155089,0.023124,-0.044887,-0.887837,0.457380
10.340000,759328.962045,2524412.663315,40.158018,0.017762,-0.034280,-0.887231,0.459707
10.360000,759328.988003,2524412.645079,40.160168,0.012200,-0.023411,-0.886501,0.461974
10.380000,759329.014001,2524412.627000,40.161516,0.006471,-0.012346,-0.885640,0.464163
10.400000,759329.040033,2524412.609082,40.162041,0.000607,-0.001152,-0.884648,0.466258
10.420000,759329.066096,2524412.591329,40.161724,-0.005355,0.010104,-0.883525,0.468245
10.440000,759329.092187,2524412.573739,40.160565,-0.011376,0.021350,-0.882276,0.470110
10.460000,759329.118300,2524412.556308,40.158583,-0.017417,0.032517,-0.880912,0.471841
10.480000,759329.144431,2524412.539028,40.155796,-0.023436,0.043535,-0.879443,0.473430
10.500000,759329.170574,2524412.521895,40.152224,-0.029392,0.054336,-0.877886,0.474868
10.520000,759329.196726,2524412.504903,40.147886,-0.035242,0.064857,-0.876261,0.476150
10.540000,759329.222881,2524412.488046,40.142800,-0.040964,0.075065,-0.874583,0.477276
10.560000,759329.249034,2524412.471319,40.136986,-0.046549,0.084957,-0.872864,0.478252
10.580000,759329.275182,2524412.454715,40.130462,-0.051987,0.094529,-0.871115,0.479082
10.600000,759329.301318,2524412.438231,40.123247,-0.057274,0.103780,-0.869348,0.479773
10.620000,759329.327439,2524412.421859,40.115361,-0.062403,0.112713,-0.867574,0.480330
10.640000,759329.353540,2524412.405594,40.106822,-0.067370,0.121328,-0.865802,0.480757
10.660000,759329.379616,2524412.389431,40.097650,-0.072172,0.129630,-0.864042,0.481059
10.680000,759329.405661,2524412.373364,40.087862,-0.076805,0.137622,-0.862304,0.481242
10.700000,759329.431673,2524412.357387,40.077479,-0.081268,0.145310,-0.860594,0.481308
10.720000,759329.457645,2524412.341495,40.066519,-0.085560,0.152701,-0.858923,0.481263
10.740000,759329.483573,2524412.325682,40.055000,-0.089678,0.159799,-0.857296,0.481109
10.760000,759329.509452,2524412.309942,40.042943,-0.093624,0.166613,-0.855720,0.480851
10.780000,759329.535277,2524412.294270,40.030365,-0.097397,0.173149,-0.854202,0.480491
10.800000,759329.561045,2524412.278660,40.017286,-0.100998,0.179416,-0.852748,0.480032
10.820000,759329.586749,2524412.263107,40.003725,-0.104426,0.185420,-0.851361,0.479477
10.840000,759329.612386,2524412.247605,39.989701,-0.107684,0.191169,-0.850048,0.478828
10.860000,759329.637950,2524412.232148,39.975233,-0.110773,0.196671,-0.848813,0.478086
10.880000,759329.663438,2524412.216730,39.960339,-0.113693,0.201932,-0.847659,0.477254
10.900000,759329.688843,2524412.201347,39.945038,-0.116446,0.206961,-0.846590,0.476332
10.920000,759329.714161,2524412.185992,39.929350,-0.119033,0.211763,-0.845610,0.475323
10.940000,759329.739388,2524412.170661,39.913294,-0.121457,0.216346,-0.844720,0.474226
10.960000,759329.764519,2524412.155346,39.896887,-0.123718,0.220717,-0.843925,0.473042
10.980000,759329.789549,2524412.140042,39.880151,-0.125817,0.224880,-0.843226,0.471772
11.000000,759329.814474,2524412.124745,39.863102,-0.127757,0.228842,-0.842626,0.470417
11.020000,759329.839288,2524412.109448,39.845761,-0.129538,0.232608,-0.842126,0.468975
11.040000,759329.863986,2524412.094146,39.828145,-0.131162,0.236183,-0.841729,0.467447
11.060000,759329.888565,2524412.078833,39.810275,-0.132630,0.239571,-0.841436,0.465833
11.080000,759329.913020,2524412.063503,39.792169,-0.133944,0.242776,-0.841249,0.464132
11.100000,759329.937345,2524412.048151,39.773846,-0.135104,0.245803,-0.841170,0.462344
11.120000,759329.961536,2524412.032771,39.755325,-0.136111,0.248653,-0.841199,0.460467
11.140000,759329.985588,2524412.017358,39.736625,-0.136966,0.251330,-0.841338,0.458501
11.160000,759330.009497,2524412.001905,39.717764,-0.137670,0.253835,-0.841589,0.456445
11.180000,759330.033257,2524411.986408,39.698762,-0.138224,0.256170,-0.841953,0.454298
11.200000,759330.056865,2524411.970861,39.679638,-0.138617,0.258317,-0.842434,0.452064
11.220000,759330.080315,2524411.955258,39.660411,-0.138835,0.260239,-0.843043,0.449755
11.240000,759330.103602,2524411.939593,39.641099,-0.138859,0.261896,-0.843788,0.447382
11.260000,759330.126722,2524411.923861,39.621722,-0.138673,0.263249,-0.844679,0.444956
11.280000,759330.149670,2524411.908056,39.602299,-0.138262,0.264258,-0.845726,0.442492
11.300000,759330.172450,2524411.892169,39.582861,-0.137610,0.264878,-0.846937,0.440001
11.320000,759330.195072,2524411.876190,39.563452,-0.136701,0.265067,-0.848320,0.437498
11.340000,759330.217549,2524411.860105,39.544117,-0.135522,0.264777,-0.849884,0.434998
11.360000,759330.239892,2524411.843905,39.524898,-0.134057,0.263962,-0.851636,0.432515
11.380000,759330.262111,2524411.827576,39.505841,-0.132292,0.262570,-0.853581,0.430065
11.400000,759330.284219,2524411.811107,39.486989,-0.130222,0.260569,-0.855720,0.427655
11.420000,759330.306226,2524411.794487,39.468386,-0.127849,0.257944,-0.858050,0.425288
11.440000,759330.328145,2524411.777705,39.450077,-0.125174,0.254678,-0.860564,0.422967
11.460000,759330.349986,2524411.760747,39.432105,-0.122200,0.250754,-0.863255,0.420690
11.480000,759330.371762,2524411.743604,39.414514,-0.118928,0.246153,-0.866115,0.418460
11.500000,759330.393482,2524411.726262,39.397349,-0.115359,0.240855,-0.869135,0.416276
11.520000,759330.415160,2524411.708711,39.380653,-0.111494,0.234841,-0.872301,0.414137
11.540000,759330.436806,2524411.690939,39.364471,-0.107336,0.228092,-0.875600,0.412041
11.560000,759330.458431,2524411.672934,39.348847,-0.102886,0.220588,-0.879015,0.409986
11.580000,759330.480047,2524411.654684,39.333824,-0.098149,0.212319,-0.882525,0.407967
11.600000,759330.501666,2524411.636179,39.319447,-0.093161,0.203329,-0.886090,0.405984
11.620000,759330.523299,2524411.617405,39.305760,-0.087969,0.193703,-0.889660,0.404036
11.640000,759330.544957,2524411.598353,39.292807,-0.082625,0.183527,-0.893190,0.402121
11.660000,759330.566652,2524411.579009,39.280631,-0.077179,0.172901,-0.896636,0.400240
11.680000,759330.588394,2524411.559364,39.269273,-0.071682,0.161927,-0.899958,0.398393
11.700000,759330.610187,2524411.539420,39.258734,-0.066182,0.150715,-0.903121,0.396581
11.720000,759330.632032,2524411.519188,39.248995,-0.060731,0.139379,-0.906097,0.394808
11.740000,759330.653931,2524411.498676,39.240037,-0.055375,0.128036,-0.908863,0.393077
11.760000,759330.675883,2524411.477894,39.231841,-0.050160,0.116803,-0.911401,0.391395
11.780000,759330.697889,2524411.456853,39.224389,-0.045129,0.105791,-0.913702,0.389769
11.800000,759330.719950,2524411.435561,39.217661,-0.040292,0.095049,-0.915773,0.388204
11.820000,759330.742066,2524411.414027,39.211639,-0.035648,0.084592,-0.917625,0.386701
11.840000,759330.764239,2524411.392262,39.206303,-0.031195,0.074434,-0.919271,0.385263
11.860000,759330.786469,2524411.370275,39.201636,-0.026929,0.064587,-0.920722,0.383893
11.880000,759330.808756,2524411.348076,39.197618,-0.022847,0.055057,-0.921992,0.382593
11.900000,759330.831102,2524411.325674,39.194230,-0.018943,0.045852,-0.923092,0.381366
11.920000,759330.853507,2524411.303079,39.191454,-0.015214,0.036975,-0.924034,0.380213
11.940000,759330.875972,2524411.280300,39.189270,-0.011655,0.028430,-0.924830,0.379137
11.960000,759330.898497,2524411.257347,39.187660,-0.008261,0.020218,-0.925491,0.378140
11.980000,759330.921083,2524411.234229,39.186604,-0.005026,0.012337,-0.926026,0.377225
12.000000,759330.943731,2524411.210956,39.186085,-0.001945,0.004788,-0.926446,0.376391
12.020000,759330.966442,2524411.187538,39.186083,0.000986,-0.002434,-0.926761,0.375643
12.040000,759330.989216,2524411.163984,39.186579,0.003774,-0.009330,-0.926978,0.374980
12.060000,759331.012053,2524411.140304,39.187555,0.006423,-0.015905,-0.927107,0.374405
12.080000,759331.034956,2524411.116507,39.188991,0.008938,-0.022162,-0.927154,0.373918
12.100000,759331.057923,2524411.092602,39.190869,0.011324,-0.028108,-0.927127,0.373521
12.120000,759331.080957,2524411.068601,39.193169,0.013586,-0.033746,-0.927032,0.373214
12.140000,759331.104057,2524411.044511,39.195874,0.015728,-0.039082,-0.926874,0.373000
12.160000,759331.127225,2524411.020342,39.198964,0.017754,-0.044122,-0.926661,0.372878
12.180000,759331.150460,2524410.996105,39.202420,0.019669,-0.048870,-0.926395,0.372850
12.200000,759331.173765,2524410.971808,39.206224,0.021476,-0.053332,-0.926082,0.372916
12.220000,759331.197139,2524410.947461,39.210356,0.023178,-0.057513,-0.925726,0.373077
12.240000,759331.220583,2524410.923074,39.214798,0.024780,-0.061419,-0.925330,0.373333
12.260000,759331.244098,2524410.898657,39.219530,0.026283,-0.065053,-0.924898,0.373687
12.280000,759331.267684,2524410.874218,39.224535,0.027691,-0.068421,-0.924431,0.374137
12.300000,759331.291342,2524410.849768,39.229793,0.029006,-0.071527,-0.923934,0.374685
12.320000,759331.315074,2524410.825315,39.235285,0.030231,-0.074375,-0.923407,0.375332
12.340000,759331.338879,2524410.800871,39.240993,0.031366,-0.076969,-0.922853,0.376077
12.360000,759331.362758,2524410.776443,39.246897,0.032414,-0.079312,-0.922273,0.376923
12.380000,759331.386713,2524410.752042,39.252979,0.033376,-0.081409,-0.921669,0.377869
12.400000,759331.410743,2524410.727678,39.259219,0.034253,-0.083261,-0.921041,0.378917
12.420000,759331.434849,2524410.703359,39.265600,0.035047,-0.084871,-0.920390,0.380067
12.440000,759331.459033,2524410.679095,39.272102,0.035756,-0.086241,-0.919717,0.381319
12.460000,759331.483294,2524410.654897,39.278706,0.036382,-0.087374,-0.919022,0.382676
12.480000,759331.507633,2524410.630773,39.285394,0.036925,-0.088271,-0.918305,0.384137
12.500000,759331.532052,2524410.606733,39.292146,0.037383,-0.088932,-0.917565,0.385704
12.520000,759331.556551,2524410.582786,39.298944,0.037757,-0.089360,-0.916803,0.387377
12.540000,759331.581130,2524410.558943,39.305769,0.038046,-0.089554,-0.916018,0.389158
12.560000,759331.605790,2524410.535213,39.312602,0.038247,-0.089514,-0.915208,0.391047
12.580000,759331.630533,2524410.511605,39.319424,0.038361,-0.089241,-0.914373,0.393047
12.600000,759331.655357,2524410.488129,39.326216,0.038383,-0.088734,-0.913512,0.395156
12.620000,759331.680266,2524410.464794,39.332960,0.038314,-0.087992,-0.912623,0.397378
12.640000,759331.705258,2524410.441610,39.339636,0.038149,-0.087014,-0.911703,0.399713
12.660000,759331.730334,2524410.418587,39.346226,0.037886,-0.085798,-0.910752,0.402161
12.680000,759331.755497,2524410.395734,39.352711,0.037523,-0.084347,-0.909769,0.404720
12.700000,759331.780745,2524410.373060,39.359072,0.037059,-0.082671,-0.908759,0.407369
12.720000,759331.806080,2524410.350576,39.365290,0.036495,-0.080782,-0.907729,0.410087
12.740000,759331.831502,2524410.328291,39.371347,0.035832,-0.078693,-0.906685,0.412852
12.760000,759331.857013,2524410.306214,39.377222,0.035071,-0.076416,-0.905634,0.415641
12.780000,759331.882611,2524410.284351,39.382902,0.034214,-0.073965,-0.904585,0.418431
12.800000,759331.908293,2524410.262695,39.388376,0.033262,-0.071353,-0.903545,0.421200
12.820000,759331.934056,2524410.241239,39.393638,0.032219,-0.068594,-0.902522,0.423922
12.840000,759331.959894,2524410.219974,39.398680,0.031088,-0.065701,-0.901527,0.426575
12.860000,759331.985804,2524410.198891,39.403496,0.029873,-0.062689,-0.900567,0.429135
12.880000,759332.011782,2524410.177984,39.408078,0.028577,-0.059570,-0.899651,0.431581
12.900000,759332.037823,2524410.157243,39.412419,0.027202,-0.056346,-0.898780,0.433911
12.920000,759332.063923,2524410.136660,39.416512,0.025749,-0.053015,-0.897955,0.436123
12.940000,759332.090079,2524410.116227,39.420349,0.024217,-0.049580,-0.897175,0.438216
12.960000,759332.116286,2524410.095937,39.423925,0.022607,-0.046038,-0.896440,0.440188
12.980000,759332.142541,2524410.075780,39.427230,0.020920,-0.042392,-0.895750,0.442038
13.000000,759332.168838,2524410.055749,39.430259,0.019156,-0.038640,-0.895105,0.443765
13.020000,759332.195174,2524410.035835,39.433004,0.017318,-0.034783,-0.894505,0.445367
13.040000,759332.221545,2524410.016031,39.435458,0.015406,-0.030821,-0.893948,0.446844
13.060000,759332.247946,2524409.996327,39.437613,0.013421,-0.026754,-0.893435,0.448193
13.080000,759332.274374,2524409.976716,39.439463,0.011365,-0.022583,-0.892965,0.449415
13.100000,759332.300824,2524409.957190,39.441001,0.009240,-0.018307,-0.892537,0.450507
13.120000,759332.327293,2524409.937741,39.442218,0.007048,-0.013927,-0.892150,0.451469
13.140000,759332.353775,2524409.918359,39.443109,0.004790,-0.009444,-0.891804,0.452298
13.160000,759332.380268,2524409.899038,39.443666,0.002468,-0.004858,-0.891496,0.452995
13.180000,759332.406767,2524409.879768,39.443881,0.000086,-0.000169,-0.891227,0.453558
13.200000,759332.433267,2524409.860543,39.443748,-0.002355,0.004622,-0.890994,0.453986
13.220000,759332.459765,2524409.841352,39.443259,-0.004852,0.009514,-0.890797,0.454277
13.240000,759332.486257,2524409.822189,39.442407,-0.007398,0.014500,-0.890632,0.454433
13.260000,759332.512738,2524409.803045,39.441186,-0.009978,0.019551,-0.890494,0.454466
13.280000,759332.539205,2524409.783912,39.439587,-0.012572,0.024634,-0.890374,0.454389
13.300000,759332.565653,2524409.764782,39.437604,-0.015162,0.029717,-0.890267,0.454216
13.320000,759332.592078,2524409.745646,39.435230,-0.017730,0.034766,-0.890167,0.453961
13.340000,759332.618477,2524409.726498,39.432461,-0.020258,0.039748,-0.890068,0.453639
13.360000,759332.644851,2524409.707338,39.429312,-0.022731,0.044631,-0.889967,0.453265
13.380000,759332.671201,2524409.688165,39.425797,-0.025130,0.049381,-0.889861,0.452855
13.400000,759332.697528,2524409.668979,39.421934,-0.027442,0.053967,-0.889745,0.452425
13.420000,759332.723834,2524409.649782,39.417737,-0.029649,0.058357,-0.889618,0.451990
13.440000,759332.750120,2524409.630573,39.413224,-0.031742,0.062525,-0.889479,0.451565
13.460000,759332.776387,2524409.611353,39.408410,-0.033719,0.066468,-0.889330,0.451152
13.480000,759332.802637,2524409.592122,39.403310,-0.035579,0.070185,-0.889174,0.450753
13.500000,759332.828871,2524409.572880,39.397943,-0.037325,0.073679,-0.889013,0.450370
13.520000,759332.855090,2524409.553627,39.392322,-0.038957,0.076949,-0.888852,0.450004
13.540000,759332.881296,2524409.534365,39.386465,-0.040476,0.079996,-0.888691,0.449657
13.560000,759332.907490,2524409.515093,39.380387,-0.041883,0.082822,-0.888533,0.449328
13.580000,759332.933673,2524409.495811,39.374104,-0.043179,0.085428,-0.888380,0.449020
13.600000,759332.959847,2524409.476520,39.367633,-0.044363,0.087814,-0.888233,0.448734
13.620000,759332.986012,2524409.457221,39.360990,-0.045439,0.089982,-0.888096,0.448469
13.640000,759333.012172,2524409.437912,39.354190,-0.046405,0.091932,-0.887968,0.448227
13.660000,759333.038325,2524409.418596,39.347249,-0.047263,0.093665,-0.887852,0.448009
13.680000,759333.064475,2524409.399271,39.340185,-0.048014,0.095183,-0.887748,0.447815
13.700000,759333.090622,2524409.379939,39.333012,-0.048658,0.096487,-0.887658,0.447645
13.720000,759333.116768,2524409.360600,39.325746,-0.049196,0.097576,-0.887582,0.447501
13.740000,759333.142914,2524409.341253,39.318405,-0.049628,0.098453,-0.887521,0.447382
13.760000,759333.169061,2524409.321900,39.311003,-0.049955,0.099116,-0.887476,0.447289
13.780000,759333.195210,2524409.302540,39.303558,-0.050176,0.099568,-0.887447,0.447221
13.800000,759333.221364,2524409.283174,39.296084,-0.050293,0.099807,-0.887434,0.447179
13.820000,759333.247523,2524409.263803,39.288598,-0.050305,0.099835,-0.887438,0.447164
13.840000,759333.273688,2524409.244426,39.281117,-0.050213,0.099652,-0.887459,0.447175
13.860000,759333.299861,2524409.225043,39.273655,-0.050016,0.099258,-0.887496,0.447211
13.880000,759333.326044,2524409.205656,39.266230,-0.049715,0.098652,-0.887549,0.447273
13.900000,759333.352237,2524409.186264,39.258857,-0.049309,0.097835,-0.887617,0.447361
13.920000,759333.378443,2524409.166868,39.251552,-0.048798,0.096806,-0.887701,0.447475
13.940000,759333.404661,2524409.147468,39.244331,-0.048182,0.095565,-0.887800,0.447613
13.960000,759333.430894,2524409.128064,39.237211,-0.047461,0.094112,-0.887912,0.447776
13.980000,759333.457143,2524409.108656,39.230207,-0.046634,0.092446,-0.888037,0.447962
14.000000,759333.483409,2524409.089246,39.223335,-0.045700,0.090566,-0.888173,0.448172
14.020000,759333.509694,2524409.069833,39.216612,-0.044659,0.088472,-0.888319,0.448405
14.040000,759333.535999,2524409.050417,39.210054,-0.043510,0.086163,-0.888475,0.448660
14.060000,759333.562325,2524409.030999,39.203676,-0.042254,0.083639,-0.888637,0.448936
14.080000,759333.588673,2524409.011579,39.197495,-0.040889,0.080898,-0.888805,0.449232
14.100000,759333.615046,2524408.992158,39.191526,-0.039414,0.077941,-0.888976,0.449548
14.120000,759333.641443,2524408.972736,39.185786,-0.037831,0.074770,-0.889150,0.449879
14.140000,759333.667868,2524408.953312,39.180291,-0.036152,0.071413,-0.889328,0.450210
14.160000,759333.694320,2524408.933888,39.175057,-0.034393,0.067905,-0.889515,0.450521
14.180000,759333.720801,2524408.914464,39.170100,-0.032570,0.064282,-0.889715,0.450792
14.200000,759333.747313,2524408.895039,39.165435,-0.030699,0.060577,-0.889934,0.451005
14.220000,759333.773856,2524408.875614,39.161077,-0.028799,0.056826,-0.890177,0.451139
14.240000,759333.800422,2524408.856181,39.157020,-0.026887,0.053064,-0.890450,0.451177
14.260000,759333.827003,2524408.836734,39.153254,-0.024980,0.049327,-0.890760,0.451099
14.280000,759333.853590,2524408.817263,39.149771,-0.023097,0.045649,-0.891113,0.450888
14.300000,759333.880175,2524408.797760,39.146561,-0.021257,0.042064,-0.891518,0.450526
14.320000,759333.906747,2524408.778218,39.143613,-0.019475,0.038604,-0.891983,0.449997
14.340000,759333.933298,2524408.758628,39.140919,-0.017758,0.035275,-0.892509,0.449298
14.360000,759333.959820,2524408.738982,39.138467,-0.016106,0.032076,-0.893097,0.448430
14.380000,759333.986302,2524408.719271,39.136249,-0.014521,0.029008,-0.893750,0.447392
14.400000,759334.012737,2524408.699489,39.134256,-0.013004,0.026068,-0.894466,0.446185
14.420000,759334.039115,2524408.679626,39.132476,-0.011556,0.023258,-0.895248,0.444810
14.440000,759334.065427,2524408.659675,39.130901,-0.010178,0.020576,-0.896096,0.443266
14.460000,759334.091665,2524408.639626,39.129520,-0.008871,0.018022,-0.897011,0.441553
14.480000,759334.117818,2524408.619473,39.128324,-0.007636,0.015596,-0.897991,0.439671
14.500000,759334.143880,2524408.599208,39.127304,-0.006472,0.013297,-0.899039,0.437619
14.520000,759334.169839,2524408.578820,39.126449,-0.005381,0.011125,-0.900153,0.435398
14.540000,759334.195688,2524408.558304,39.125750,-0.004362,0.009080,-0.901334,0.433007
14.560000,759334.221418,2524408.537650,39.125197,-0.003416,0.007163,-0.902582,0.430445
14.580000,759334.247019,2524408.516851,39.124781,-0.002542,0.005372,-0.903895,0.427712
14.600000,759334.272482,2524408.495898,39.124491,-0.001741,0.003709,-0.905275,0.424807
14.620000,759334.297799,2524408.474783,39.124318,-0.001011,0.002174,-0.906718,0.421730
14.640000,759334.322961,2524408.453498,39.124253,-0.000354,0.000768,-0.908226,0.418479
14.660000,759334.347959,2524408.432034,39.124285,0.000233,-0.000511,-0.909797,0.415054
14.680000,759334.372783,2524408.410385,39.124405,0.000749,-0.001659,-0.911429,0.411454
14.700000,759334.397425,2524408.388541,39.124602,0.001196,-0.002678,-0.913121,0.407678
14.720000,759334.421875,2524408.366495,39.124869,0.001574,-0.003566,-0.914871,0.403727
14.740000,759334.446126,2524408.344237,39.125193,0.001884,-0.004323,-0.916678,0.399598
14.760000,759334.470167,2524408.321761,39.125567,0.002129,-0.004947,-0.918540,0.395292
14.780000,759334.493991,2524408.299058,39.125980,0.002309,-0.005438,-0.920453,0.390807
14.800000,759334.517587,2524408.276120,39.126423,0.002426,-0.005794,-0.922417,0.386145
14.820000,759334.540947,2524408.252938,39.126885,0.002481,-0.006015,-0.924427,0.381304
14.840000,759334.564062,2524408.229505,39.127357,0.002478,-0.006100,-0.926481,0.376284
14.860000,759334.586923,2524408.205812,39.127829,0.002417,-0.006048,-0.928576,0.371085
14.880000,759334.609522,2524408.181852,39.128293,0.002302,-0.005858,-0.930708,0.365709
14.900000,759334.631848,2524408.157615,39.128737,0.002134,-0.005529,-0.932874,0.360154
14.920000,759334.653894,2524408.133095,39.129152,0.001918,-0.005060,-0.935070,0.354423
14.940000,759334.675650,2524408.108282,39.129528,0.001655,-0.004451,-0.937291,0.348516
14.960000,759334.697107,2524408.083169,39.129857,0.001349,-0.003702,-0.939534,0.342434
14.980000,759334.718256,2524408.057747,39.130127,0.001004,-0.002812,-0.941793,0.336180
15.000000,759334.739089,2524408.032009,39.130330,0.000622,-0.001780,-0.944065,0.329755
15.020000,759334.759595,2524408.005946,39.130455,0.000208,-0.000609,-0.946343,0.323163
15.040000,759334.779768,2524407.979551,39.130493,-0.000234,0.000702,-0.948623,0.316406
15.060000,759334.799597,2524407.952814,39.130434,-0.000696,0.002138,-0.950896,0.309503
15.080000,759334.819073,2524407.925728,39.130268,-0.001168,0.003681,-0.953149,0.302475
15.100000,759334.838188,2524407.898284,39.129987,-0.001642,0.005310,-0.955375,0.295344
15.120000,759334.856932,2524407.870475,39.129579,-0.002109,0.007008,-0.957563,0.288130
15.140000,759334.875297,2524407.842294,39.129036,-0.002562,0.008754,-0.959708,0.280851
15.160000,759334.893275,2524407.813747,39.128358,-0.002995,0.010531,-0.961802,0.273525
15.180000,759334.910858,2524407.784848,39.127547,-0.003402,0.012319,-0.963841,0.266170
15.200000,759334.928038,2524407.755609,39.126607,-0.003779,0.014101,-0.965821,0.258798
15.220000,759334.944809,2524407.726044,39.125542,-0.004121,0.015860,-0.967738,0.251425
15.240000,759334.961163,2524407.696165,39.124354,-0.004425,0.017579,-0.969591,0.244060
15.260000,759334.977092,2524407.665987,39.123047,-0.004692,0.019254,-0.971380,0.236702
15.280000,759334.992590,2524407.635521,39.121624,-0.004922,0.020885,-0.973108,0.229347
15.300000,759335.007647,2524407.604782,39.120088,-0.005118,0.022472,-0.974777,0.221988
15.320000,759335.022257,2524407.573782,39.118443,-0.005279,0.024018,-0.976388,0.214619
15.340000,759335.036413,2524407.542534,39.116692,-0.005408,0.025522,-0.977943,0.207235
15.360000,759335.050106,2524407.511052,39.114838,-0.005506,0.026985,-0.979444,0.199829
15.380000,759335.063330,2524407.479348,39.112885,-0.005572,0.028407,-0.980890,0.192396
15.400000,759335.076077,2524407.447437,39.110835,-0.005608,0.029789,-0.982284,0.184930
15.420000,759335.088340,2524407.415330,39.108693,-0.005616,0.031132,-0.983626,0.177424
15.440000,759335.100110,2524407.383041,39.106461,-0.005594,0.032436,-0.984916,0.169873
15.460000,759335.111381,2524407.350584,39.104143,-0.005545,0.033700,-0.986155,0.162271
15.480000,759335.122145,2524407.317970,39.101742,-0.005469,0.034926,-0.987343,0.154612
15.500000,759335.132395,2524407.285215,39.099261,-0.005367,0.036114,-0.988479,0.146890
15.520000,759335.142123,2524407.252329,39.096704,-0.005238,0.037262,-0.989563,0.139098
15.540000,759335.151321,2524407.219328,39.094074,-0.005084,0.038373,-0.990596,0.131232
15.560000,759335.159982,2524407.186223,39.091374,-0.004904,0.039445,-0.991575,0.123283
15.580000,759335.168099,2524407.153028,39.088607,-0.004700,0.040478,-0.992501,0.115248
15.600000,759335.175664,2524407.119757,39.085777,-0.004472,0.041472,-0.993371,0.107119
15.620000,759335.182670,2524407.086421,39.082888,-0.004220,0.042427,-0.994185,0.098890
15.640000,759335.189109,2524407.053035,39.079941,-0.003945,0.043342,-0.994940,0.090555
15.660000,759335.194974,2524407.019611,39.076941,-0.003646,0.044216,-0.995635,0.082109
15.680000,759335.200257,2524406.986163,39.073891,-0.003326,0.045050,-0.996268,0.073544
15.700000,759335.204950,2524406.952703,39.070795,-0.002983,0.045842,-0.996837,0.064855
15.720000,759335.209047,2524406.919246,39.067655,-0.002618,0.046592,-0.997338,0.056037
15.740000,759335.212540,2524406.885803,39.064474,-0.002232,0.047298,-0.997768,0.047082
15.760000,759335.215421,2524406.852389,39.061257,-0.001825,0.047960,-0.998125,0.037986
15.780000,759335.217683,2524406.819015,39.058006,-0.001398,0.048576,-0.998405,0.028743
15.800000,759335.219318,2524406.785696,39.054725,-0.000952,0.049146,-0.998604,0.019346
15.820000,759335.220319,2524406.752445,39.051417,-0.000487,0.049667,-0.998718,0.009792
15.840000,759335.220678,2524406.719274,39.048085,-0.000004,0.050139,-0.998742,0.000074
15.860000,759335.220388,2524406.686197,39.044733,0.000497,0.050560,-0.998673,-0.009812
15.880000,759335.219442,2524406.653226,39.041363,0.001014,0.050929,-0.998504,-0.019871
15.900000,759335.217832,2524406.620376,39.037980,0.001545,0.051243,-0.998231,-0.030106
15.920000,759335.215550,2524406.587659,39.034586,0.002091,0.051501,-0.997848,-0.040522
15.940000,759335.212589,2524406.555088,39.031185,0.002650,0.051701,-0.997350,-0.051121
15.960000,759335.208941,2524406.522676,39.027780,0.003220,0.051842,-0.996729,-0.061907
15.980000,759335.204600,2524406.490437,39.024374,0.003799,0.051921,-0.995981,-0.072880
16.000000,759335.199557,2524406.458383,39.020971,0.004386,0.051936,-0.995098,-0.084044
16.020000,759335.193805,2524406.426529,39.017573,0.004979,0.051887,-0.994074,-0.095397
16.040000,759335.187336,2524406.394886,39.014185,0.005576,0.051770,-0.992901,-0.106941
16.060000,759335.180144,2524406.363468,39.010810,0.006174,0.051584,-0.991573,-0.118674
16.080000,759335.172220,2524406.332288,39.007450,0.006770,0.051328,-0.990083,-0.130593
16.100000,759335.163558,2524406.301360,39.004109,0.007363,0.051000,-0.988424,-0.142696
16.120000,759335.154149,2524406.270696,39.000790,0.007948,0.050598,-0.986589,-0.154978
16.140000,759335.143986,2524406.240309,38.997498,0.008523,0.050123,-0.984573,-0.167425
16.160000,759335.133062,2524406.210213,38.994234,0.009085,0.049580,-0.982375,-0.179998
16.180000,759335.121369,2524406.180421,38.991002,0.009628,0.048976,-0.979997,-0.192653
16.200000,759335.108900,2524406.150946,38.987806,0.010151,0.048317,-0.977444,-0.205345
16.220000,759335.095647,2524406.121801,38.984649,0.010650,0.047612,-0.974722,-0.218029
16.240000,759335.081608,2524406.092997,38.981532,0.011124,0.046869,-0.971841,-0.230662
16.260000,759335.066795,2524406.064541,38.978457,0.011571,0.046096,-0.968811,-0.243201
16.280000,759335.051226,2524406.036440,38.975422,0.011991,0.045302,-0.965645,-0.255606
16.300000,759335.034914,2524406.008699,38.972426,0.012384,0.044497,-0.962357,-0.267836
16.320000,759335.017875,2524405.981323,38.969468,0.012750,0.043690,-0.958962,-0.279857
16.340000,759335.000125,2524405.954319,38.966548,0.013091,0.042889,-0.955476,-0.291640
16.360000,759334.981680,2524405.927693,38.963664,0.013408,0.042097,-0.951907,-0.303184
16.380000,759334.962555,2524405.901451,38.960816,0.013702,0.041314,-0.948261,-0.314493
16.400000,759334.942765,2524405.875597,38.958003,0.013975,0.040544,-0.944545,-0.325569
16.420000,759334.922326,2524405.850139,38.955225,0.014227,0.039786,-0.940765,-0.336417
16.440000,759334.901254,2524405.825083,38.952480,0.014462,0.039042,-0.936925,-0.347042
16.460000,759334.879564,2524405.800433,38.949767,0.014678,0.038314,-0.933031,-0.357450
16.480000,759334.857271,2524405.776196,38.947086,0.014879,0.037602,-0.929086,-0.367646
16.500000,759334.834391,2524405.752378,38.944436,0.015066,0.036907,-0.925095,-0.377638
16.520000,759334.810940,2524405.728984,38.941816,0.015239,0.036229,-0.921061,-0.387430
16.540000,759334.786934,2524405.706021,38.939225,0.015400,0.035569,-0.916986,-0.397032
16.560000,759334.762387,2524405.683495,38.936663,0.015551,0.034927,-0.912874,-0.406448
16.580000,759334.737315,2524405.661411,38.934128,0.015692,0.034303,-0.908725,-0.415687
16.600000,759334.711733,2524405.639774,38.931620,0.015824,0.033699,-0.904542,-0.424756
16.620000,759334.685658,2524405.618592,38.929138,0.015950,0.033113,-0.900326,-0.433662
16.640000,759334.659105,2524405.597870,38.926681,0.016069,0.032546,-0.896077,-0.442412
16.660000,759334.632089,2524405.577614,38.924248,0.016182,0.031998,-0.891796,-0.451014
16.680000,759334.604626,2524405.557830,38.921839,0.016292,0.031468,-0.887483,-0.459475
16.700000,759334.576731,2524405.538523,38.919452,0.016398,0.030957,-0.883139,-0.467802
16.720000,759334.548420,2524405.519699,38.917087,0.016502,0.030465,-0.878761,-0.476003
16.740000,759334.519708,2524405.501365,38.914743,0.016604,0.029990,-0.874350,-0.484083
16.760000,759334.490611,2524405.483526,38.912419,0.016706,0.029534,-0.869905,-0.492052
16.780000,759334.461145,2524405.466188,38.910114,0.016807,0.029096,-0.865423,-0.499914
16.800000,759334.431325,2524405.449357,38.907828,0.016909,0.028675,-0.860904,-0.507677
16.820000,759334.401166,2524405.433039,38.905559,0.017013,0.028270,-0.856346,-0.515348
16.840000,759334.370684,2524405.417240,38.903308,0.017119,0.027883,-0.851746,-0.522933
16.860000,759334.339894,2524405.401965,38.901072,0.017228,0.027512,-0.847102,-0.530438
16.880000,759334.308813,2524405.387221,38.898851,0.017340,0.027158,-0.842411,-0.537871
16.900000,759334.277455,2524405.373013,38.896645,0.017456,0.026819,-0.837672,-0.545236
16.920000,759334.245836,2524405.359347,38.894452,0.017577,0.026495,-0.832880,-0.552539
16.940000,759334.213972,2524405.346230,38.892272,0.017703,0.026186,-0.828033,-0.559788
16.960000,759334.181878,2524405.333666,38.890103,0.017835,0.025892,-0.823127,-0.566987
16.980000,759334.149569,2524405.321662,38.887946,0.017973,0.025612,-0.818158,-0.574141
17.000000,759334.117062,2524405.310225,38.885799,0.018118,0.025346,-0.813123,-0.581257
17.020000,759334.084371,2524405.299358,38.883661,0.018271,0.025093,-0.808018,-0.588340
17.040000,759334.051513,2524405.289070,38.881531,0.018431,0.024852,-0.802838,-0.595394
17.060000,759334.018502,2524405.279364,38.879410,0.018599,0.024624,-0.797579,-0.602425
17.080000,759333.985355,2524405.270248,38.877295,0.018776,0.024408,-0.792236,-0.609438
17.100000,759333.952086,2524405.261727,38.875186,0.018963,0.024204,-0.786804,-0.616436
17.120000,759333.918712,2524405.253807,38.873083,0.019159,0.024010,-0.781279,-0.623426
17.140000,759333.885247,2524405.246494,38.870983,0.019365,0.023827,-0.775655,-0.630410
17.160000,759333.851708,2524405.239794,38.868888,0.019582,0.023654,-0.769926,-0.637394
17.180000,759333.818110,2524405.233713,38.866795,0.019810,0.023490,-0.764087,-0.644381
17.200000,759333.784468,2524405.228256,38.864704,0.020049,0.023335,-0.758132,-0.651375
17.220000,759333.750798,2524405.223429,38.862614,0.020299,0.023188,-0.752055,-0.658379
17.240000,759333.717116,2524405.219239,38.860524,0.020562,0.023049,-0.745850,-0.665397
17.260000,759333.683436,2524405.215691,38.858434,0.020838,0.022916,-0.739510,-0.672433
17.280000,759333.649775,2524405.212791,38.856342,0.021126,0.022790,-0.733029,-0.679488
17.300000,759333.616148,2524405.210545,38.854248,0.021427,0.022670,-0.726399,-0.686565
17.320000,759333.582570,2524405.208959,38.852151,0.021741,0.022555,-0.719614,-0.693667
17.340000,759333.549058,2524405.208038,38.850050,0.022070,0.022443,-0.712667,-0.700796
17.360000,759333.515626,2524405.207789,38.847944,0.022412,0.022335,-0.705550,-0.707953
17.380000,759333.482290,2524405.208218,38.845833,0.022767,0.022230,-0.698256,-0.715140
17.400000,759333.449066,2524405.209330,38.843715,0.023138,0.022126,-0.690779,-0.722357
17.420000,759333.415969,2524405.211131,38.841590,0.023522,0.022023,-0.683109,-0.729605
17.440000,759333.383015,2524405.213627,38.839457,0.023920,0.021919,-0.675242,-0.736882
17.460000,759333.350218,2524405.216824,38.837315,0.024330,0.021813,-0.667187,-0.744173
17.480000,759333.317596,2524405.220728,38.835164,0.024746,0.021700,-0.658965,-0.751453
17.500000,759333.285163,2524405.225345,38.833002,0.025163,0.021578,-0.650602,-0.758695
17.520000,759333.252934,2524405.230680,38.830828,0.025576,0.021444,-0.642127,-0.765872
17.540000,759333.220925,2524405.236739,38.828643,0.025981,0.021296,-0.633570,-0.772956
17.560000,759333.189139,2524405.243514,38.826445,0.026371,0.021132,-0.624967,-0.779919
17.580000,759333.157571,2524405.250989,38.824238,0.026742,0.020950,-0.616356,-0.786735
17.600000,759333.126217,2524405.259148,38.822022,0.027088,0.020751,-0.607776,-0.793375
17.620000,759333.095073,2524405.267975,38.819799,0.027404,0.020533,-0.599270,-0.799814
17.640000,759333.064135,2524405.277455,38.817571,0.027686,0.020296,-0.590881,-0.806028
17.660000,759333.033398,2524405.287572,38.815338,0.027932,0.020042,-0.582633,-0.812008
17.680000,759333.002859,2524405.298310,38.813101,0.028141,0.019772,-0.574539,-0.817754
17.700000,759332.972512,2524405.309653,38.810864,0.028316,0.019488,-0.566608,-0.823270
17.720000,759332.942355,2524405.321585,38.808626,0.028455,0.019192,-0.558850,-0.828558
17.740000,759332.912382,2524405.334090,38.806390,0.028559,0.018886,-0.551273,-0.833622
17.760000,759332.882589,2524405.347153,38.804157,0.028630,0.018571,-0.543885,-0.838466
17.780000,759332.852972,2524405.360757,38.801928,0.028668,0.018249,-0.536691,-0.843094
17.800000,759332.823527,2524405.374887,38.799704,0.028673,0.017921,-0.529698,-0.847512
17.820000,759332.794250,2524405.389527,38.797488,0.028648,0.017588,-0.522910,-0.851725
17.840000,759332.765136,2524405.404661,38.795281,0.028592,0.017252,-0.516330,-0.855738
17.860000,759332.736180,2524405.420274,38.793083,0.028507,0.016913,-0.509962,-0.859558
17.880000,759332.707380,2524405.436348,38.790897,0.028393,0.016572,-0.503808,-0.863190
17.900000,759332.678730,2524405.452870,38.788724,0.028252,0.016230,-0.497870,-0.866640
17.920000,759332.650227,2524405.469822,38.786565,0.028085,0.015889,-0.492148,-0.869913
17.940000,759332.621865,2524405.487188,38.784421,0.027891,0.015547,-0.486644,-0.873017
17.960000,759332.593642,2524405.504954,38.782295,0.027673,0.015207,-0.481357,-0.875956
17.980000,759332.565552,2524405.523103,38.780188,0.027431,0.014868,-0.476288,-0.878736
18.000000,759332.537591,2524405.541619,38.778101,0.027166,0.014531,-0.471436,-0.881362
18.020000,759332.509755,2524405.560486,38.776035,0.026879,0.014196,-0.466800,-0.883841
18.040000,759332.482040,2524405.579689,38.773992,0.026570,0.013863,-0.462379,-0.886176
18.060000,759332.454442,2524405.599211,38.771974,0.026239,0.013533,-0.458172,-0.888373
18.080000,759332.426956,2524405.619038,38.769981,0.025888,0.013205,-0.454178,-0.890437
18.100000,759332.399578,2524405.639152,38.768015,0.025518,0.012879,-0.450395,-0.892372
18.120000,759332.372304,2524405.659539,38.766079,0.025127,0.012556,-0.446822,-0.894182
18.140000,759332.345130,2524405.680182,38.764172,0.024718,0.012235,-0.443457,-0.895871
18.160000,759332.318051,2524405.701065,38.762297,0.024290,0.011917,-0.440299,-0.897443
18.180000,759332.291063,2524405.722173,38.760455,0.023844,0.011601,-0.437346,-0.898902
18.200000,759332.264162,2524405.743490,38.758647,0.023379,0.011286,-0.434597,-0.900251
18.220000,759332.237344,2524405.764999,38.756875,0.022897,0.010974,-0.432050,-0.901492
18.240000,759332.210604,2524405.786686,38.755141,0.022397,0.010662,-0.429703,-0.902630
18.260000,759332.183938,2524405.808534,38.753445,0.021880,0.010352,-0.427556,-0.903665
18.280000,759332.157342,2524405.830527,38.751789,0.021346,0.010043,-0.425607,-0.904601
18.300000,759332.130811,2524405.852649,38.750175,0.020793,0.009734,-0.423855,-0.905439
18.320000,759332.104342,2524405.874885,38.748604,0.020224,0.009425,-0.422300,-0.906181
18.340000,759332.077930,2524405.897219,38.747078,0.019637,0.009115,-0.420940,-0.906830
18.360000,759332.051571,2524405.919635,38.745597,0.019033,0.008805,-0.419775,-0.907386
18.380000,759332.025261,2524405.942117,38.744164,0.018412,0.008494,-0.418804,-0.907850
18.400000,759331.998995,2524405.964649,38.742780,0.017772,0.008180,-0.418027,-0.908224
18.420000,759331.972769,2524405.987215,38.741445,0.017115,0.007864,-0.417444,-0.908507
18.440000,759331.946580,2524406.009800,38.740163,0.016440,0.007545,-0.417055,-0.908701
18.460000,759331.920422,2524406.032388,38.738933,0.015747,0.007223,-0.416857,-0.908807
18.480000,759331.894291,2524406.054962,38.737758,0.015040,0.006898,-0.416835,-0.908831
18.500000,759331.868183,2524406.077508,38.736639,0.014324,0.006572,-0.416969,-0.908784
18.520000,759331.842095,2524406.100008,38.735578,0.013604,0.006247,-0.417238,-0.908674
18.540000,759331.816021,2524406.122448,38.734575,0.012886,0.005923,-0.417622,-0.908510
18.560000,759331.789958,2524406.144813,38.733632,0.012173,0.005603,-0.418100,-0.908302
18.580000,759331.763905,2524406.167101,38.732747,0.011472,0.005289,-0.418652,-0.908059
18.600000,759331.737861,2524406.189313,38.731918,0.010788,0.004983,-0.419256,-0.907790
18.620000,759331.711828,2524406.211450,38.731141,0.010126,0.004685,-0.419893,-0.907505
18.640000,759331.685805,2524406.233514,38.730414,0.009492,0.004400,-0.420540,-0.907213
18.660000,759331.659791,2524406.255507,38.729735,0.008890,0.004129,-0.421181,-0.906924
18.680000,759331.633787,2524406.277429,38.729101,0.008323,0.003872,-0.421808,-0.906639
18.700000,759331.607793,2524406.299282,38.728508,0.007789,0.003630,-0.422422,-0.906359
18.720000,759331.581808,2524406.321068,38.727956,0.007289,0.003403,-0.423023,-0.906083
18.740000,759331.555834,2524406.342788,38.727439,0.006824,0.003191,-0.423612,-0.905812
18.760000,759331.529869,2524406.364443,38.726957,0.006394,0.002995,-0.424187,-0.905547
18.780000,759331.503914,2524406.386035,38.726506,0.005998,0.002814,-0.424749,-0.905287
18.800000,759331.477968,2524406.407565,38.726084,0.005637,0.002649,-0.425298,-0.905032
18.820000,759331.452033,2524406.429035,38.725688,0.005311,0.002500,-0.425834,-0.904782
18.840000,759331.426106,2524406.450446,38.725315,0.005021,0.002366,-0.426356,-0.904538
18.860000,759331.400190,2524406.471800,38.724963,0.004765,0.002249,-0.426865,-0.904300
18.880000,759331.374283,2524406.493097,38.724629,0.004545,0.002149,-0.427360,-0.904068
18.900000,759331.348386,2524406.514339,38.724311,0.004361,0.002064,-0.427842,-0.903841
18.920000,759331.322498,2524406.535529,38.724005,0.004212,0.001996,-0.428310,-0.903620
18.940000,759331.296620,2524406.556666,38.723709,0.004099,0.001945,-0.428764,-0.903405
18.960000,759331.270751,2524406.577753,38.723420,0.004022,0.001911,-0.429205,-0.903196
18.980000,759331.244892,2524406.598791,38.723136,0.003981,0.001894,-0.429631,-0.902994
19.000000,759331.219043,2524406.619781,38.722854,0.003976,0.001894,-0.430044,-0.902797
19.020000,759331.193202,2524406.640725,38.722571,0.004007,0.001911,-0.430443,-0.902607
19.040000,759331.167372,2524406.661624,38.722285,0.004075,0.001945,-0.430827,-0.902423
19.060000,759331.141551,2524406.682480,38.721992,0.004179,0.001997,-0.431198,-0.902246
19.080000,759331.115739,2524406.703293,38.721691,0.004319,0.002066,-0.431554,-0.902074
19.100000,759331.089937,2524406.724067,38.721379,0.004496,0.002153,-0.431896,-0.901910
19.120000,759331.064144,2524406.744801,38.721053,0.004709,0.002257,-0.432224,-0.901751
19.140000,759331.038360,2524406.765497,38.720709,0.004960,0.002379,-0.432537,-0.901600
19.160000,759331.012586,2524406.786157,38.720347,0.005246,0.002519,-0.432835,-0.901454
19.180000,759330.986821,2524406.806782,38.719962,0.005570,0.002677,-0.433119,-0.901315
19.200000,759330.961065,2524406.827373,38.719552,0.005931,0.002852,-0.433389,-0.901183
19.220000,759330.935319,2524406.847933,38.719115,0.006329,0.003046,-0.433643,-0.901057
19.240000,759330.909582,2524406.868462,38.718648,0.006763,0.003257,-0.433883,-0.900938
19.260000,759330.883855,2524406.888961,38.718149,0.007235,0.003486,-0.434108,-0.900825
19.280000,759330.858136,2524406.909433,38.717613,0.007743,0.003734,-0.434318,-0.900719
19.300000,759330.832427,2524406.929878,38.717040,0.008289,0.003999,-0.434513,-0.900619
19.320000,759330.806727,2524406.950299,38.716426,0.008872,0.004283,-0.434692,-0.900525
19.340000,759330.781036,2524406.970695,38.715768,0.009492,0.004584,-0.434857,-0.900438
19.360000,759330.755354,2524406.991070,38.715064,0.010149,0.004904,-0.435006,-0.900357
19.380000,759330.729682,2524407.011424,38.714311,0.010844,0.005241,-0.435140,-0.900282
19.400000,759330.704018,2524407.031758,38.713507,0.011575,0.005597,-0.435259,-0.900214
19.420000,759330.678364,2524407.052075,38.712648,0.012344,0.005970,-0.435362,-0.900151
19.440000,759330.652719,2524407.072374,38.711733,0.013150,0.006362,-0.435449,-0.900095
19.460000,759330.627083,2524407.092659,38.710758,0.013993,0.006771,-0.435521,-0.900044
19.480000,759330.601456,2524407.112930,38.709721,0.014873,0.007198,-0.435577,-0.900000
19.500000,759330.575838,2524407.133189,38.708619,0.015791,0.007643,-0.435617,-0.899961
19.520000,759330.550229,2524407.153437,38.707450,0.016745,0.008106,-0.435641,-0.899928
19.540000,759330.524629,2524407.173676,38.706210,0.017737,0.008586,-0.435650,-0.899900
19.560000,759330.499038,2524407.193906,38.704898,0.018765,0.009084,-0.435642,-0.899878
19.580000,759330.473456,2524407.214130,38.703510,0.019830,0.009600,-0.435618,-0.899862
19.600000,759330.447883,2524407.234349,38.702043,0.020933,0.010133,-0.435579,-0.899850
19.620000,759330.422319,2524407.254564,38.700496,0.022072,0.010683,-0.435522,-0.899844
19.640000,759330.396764,2524407.274777,38.698865,0.023248,0.011250,-0.435450,-0.899842
19.660000,759330.371217,2524407.294988,38.697148,0.024460,0.011834,-0.435361,-0.899846
19.680000,759330.345680,2524407.315200,38.695342,0.025709,0.012436,-0.435255,-0.899854
19.700000,759330.320151,2524407.335414,38.693444,0.026995,0.013053,-0.435133,-0.899867
19.720000,759330.294632,2524407.355631,38.691453,0.028317,0.013688,-0.434995,-0.899883
19.740000,759330.269121,2524407.375853,38.689364,0.029675,0.014339,-0.434840,-0.899905
19.760000,759330.243618,2524407.396081,38.687175,0.031069,0.015006,-0.434668,-0.899930
19.780000,759330.218125,2524407.416317,38.684884,0.032499,0.015690,-0.434479,-0.899959
19.800000,759330.192640,2524407.436561,38.682488,0.033965,0.016389,-0.434273,-0.899992
19.820000,759330.167165,2524407.456816,38.679985,0.035466,0.017104,-0.434050,-0.900028
19.840000,759330.141697,2524407.477083,38.677371,0.037003,0.017834,-0.433810,-0.900067
19.860000,759330.116239,2524407.497362,38.674644,0.038575,0.018580,-0.433553,-0.900110
19.880000,759330.090789,2524407.517657,38.671802,0.040182,0.019341,-0.433279,-0.900156
19.900000,759330.065348,2524407.537967,38.668841,0.040970,0.019714,-0.433149,-0.900175
19.920000,759330.039916,2524407.558295,38.665759,0.041770,0.020092,-0.433012,-0.900196
19.940000,759330.014492,2524407.578642,38.662554,0.042581,0.020475,-0.432870,-0.900217
19.960000,759329.989077,2524407.599009,38.659222,0.043405,0.020863,-0.432722,-0.900240
19.980000,759329.963670,2524407.619397,38.655761,0.044239,0.021257,-0.432569,-0.900264
